0.050013956314553895
0.05001413973904067
0.050014325457288386
0.05001451349637239
0.05001470388366632
0.05001489664684514
0.05001509181388817
0.05001528941308214
0.05001548947302433
0.05001569202262566
0.05001589709111386
0.05001610470803665
0.05001631490326494
0.0500165277069961
0.05001674314975718
0.050016961262408254
0.05001718207614571
0.05001740562250564
0.05001763193336719
0.050017861040956006
0.05001809297784767
0.05001832777697117
0.0500185654716124
0.050018806095417735
0.05001904968239756
0.050019296266929865
0.05001954588376394
0.05001979856802396
0.05002005435521273
0.050020313281215395
0.050020575382303215
0.05002084069513733
0.050021109256772604
0.050021381104661505
0.05002165627665796
0.050021934811021296
0.050022216746420205
0.050022502121936735
0.05002279097707032
0.05002308335174183
0.05002337928629771
0.05002367882151405
0.05002398199860081
0.05002428885920599
0.050024599445419884
0.050024913799779365
0.05002523196527218
0.05002555398534129
0.05002587990388929
0.050026209765282825
0.05002654361435701
0.05002688149641998
0.05002722345725738
0.050027569543137
0.050027919800813316
0.05002827427753218
0.05002863302103553
0.05002899607956607
0.05002936350187207
0.050029735337212174
0.050030111635360225
0.050030492446610196
0.05003087782178109
0.050031267812221884
0.050031662469816614
0.050032061846989356
0.05003246599670936
0.050032874972496165
0.0500332888284248
0.05003370761913097
0.05003413139981637
0.05003456022625393
0.05003499415479321
0.05003543324236579
0.05003587754649067
0.050036327125279806
0.05003678203744358
0.05003724234229641
0.05003770809976235
0.050038179370380756
0.05003865621531197
0.05003913869634311
0.05003962687589384
0.05004012081702222
0.05004062058343059
0.050041126239471524
0.050041637850153815
0.05004215548114849
0.0500426791987949
0.05004320907010684
0.05004374516277877
0.05004428754519197
0.05004483628642087
0.050045391456239346
0.05004595312512712
0.05004652136427616
0.05004709624559715
0.05004767784172605
0.05004826622603064
0.05004886147261715
0.050049463656336945
0.05005007285279328
0.05005068913834802
0.05005131259012855
0.05005194328603459
0.0500525813047452
0.05005322672572572
0.05005387962923486
0.05005454009633177
0.05005520820888321
0.05005588404957078
0.05005656770189813
0.05005725925019835
0.050057958779641275
0.05005866637624097
0.050059382126863214
0.050060106119233005
0.0500608384419422
0.05006157918445716
0.05006232843712646
0.05006308629118867
0.05006385283878019
0.05006462817294312
0.05006541238763324
0.05006620557772799
0.050067007839034554
0.050067819268297974
0.050068639963209344
0.050069470022414055
0.05007030954552011
0.050071158633106475
0.05007201738673154
0.05007288590894156
0.05007376430327926
0.05007465267429243
0.0500755511275426
0.050076459769613765
0.05007737870812124
0.050078308051720484
0.05007924791011603
0.050080198394070526
0.05008115961541373
0.050082131687051695
0.05008311472297594
0.05008410883827268
0.05008511414913219
0.05008613077285818
0.05008715882787722
0.05008819843374831
0.05008924971117242
0.05009031278200221
0.05009138776925169
0.05009247479710604
0.05009357399093147
0.05009468547728518
0.050095809383925285
0.05009694583982097
0.05009809497516255
0.05009925692137176
0.05010043181111194
0.05010161977829849
0.05010282095810919
0.05010403548699476
0.05010526350268942
0.05010650514422147
0.050107760551924084
0.05010902986744602
0.0501103132337625
0.05011161079518617
0.05011292269737804
0.05011424908735862
0.05011559011351902
0.050116945925632234
0.05011831667486437
0.050119702513786085
0.05012110359638401
0.050122520078072275
0.05012395211570413
0.05012539986758362
0.050126863493477315
0.0501283431546262
0.05012983901375754
0.050131351235096884
0.050132879984380145
0.050134425428865745
0.050135987737346836
0.05013756708016359
0.050139163629215625
0.050140777557974435
0.05014240904149595
0.050144058256433165
0.05014572538104882
0.05014741059522824
0.05014911408049215
0.05015083602000966
0.05015257659861128
0.050154336002802065
0.05015611442077476
0.05015791204242313
0.050159729059355326
0.050161565664907266
0.05016342205415626
0.05016529842393457
0.0501671949728431
0.05016911190126523
0.05017104941138064
0.0501730077071793
0.05017498699447548
0.05017698748092191
0.050179009376023966
0.05018105289115398
0.05018311823956563
0.050185205636408416
0.05018731529874221
0.050189447445551906
0.050191602297762164
0.05019378007825225
0.0501959810118709
0.050198205325451384
0.05020045324782655
0.05020272500984401
0.05020502084438145
0.05020734098636193
0.05020968567276939
0.05021205514266414
0.05021444963719853
0.05021686939963266
0.05021931467535015
0.050221785711874134
0.05022428275888317
0.05022680606822737
0.050229355893944554
0.05023193249227656
0.05023453612168557
0.05023716704287058
0.05023982551878397
0.05024251181464809
0.050245226197972066
0.05024796893856859
0.05025074030857085
0.050253540582449546
0.05025637003703001
0.05025922895150942
0.05026211760747408
0.05026503628891682
0.05026798528225451
0.050270964876345636
0.05027397536250797
0.050277017034536346
0.05028009018872057
0.05028319512386337
0.05028633214129843
0.050289501544908605
0.05029270364114415
0.050295938739041104
0.0502992071502397
0.05030250918900296
0.05030584517223531
0.05030921541950136
0.050312620253044706
0.0503160599978069
0.05031953498144649
0.05032304553435814
0.05032659198969188
0.050330174683372426
0.05033379395411862
0.050337450143462976
0.05034114359577127
0.05034487465826231
0.05034864368102774
0.050352451017051957
0.05035629702223217
0.05036018205539849
0.05036410647833418
0.05036807065579595
0.050372074955534425
0.0503761197483146
0.05038020540793652
0.050384332311256
0.05038850083820538
0.050392711371814544
0.050396964298231865
0.050401260006745344
0.05040559888980387
0.050409981343038486
0.05041440776528383
0.05041887855859969
0.05042339412829256
0.05042795488293742
0.05043256123439953
0.05043721359785635
0.050441912391819575
0.05044665803815724
0.050451450962115965
0.05045629159234326
0.05046118036090993
0.050466117703332654
0.05047110405859654
0.05047613986917789
0.050481225581067025
0.05048636164379117
0.05049154851043749
0.050496786637676254
0.05050207648578399
0.05050741851866686
0.05051281320388403
0.05051826101267124
0.05052376241996439
0.05052931790442327
0.05053492794845536
0.05054059303823978
0.05054631366375128
0.05055209031878434
0.050557923500977424
0.05056381371183726
0.05056976145676325
0.05057576724507198
0.050581831590021824
0.05058795500883767
0.05059413802273567
0.0506003811569482
0.05060668494074877
0.05061304990747722
0.05061947659456482
0.05062596554355959
0.05063251730015169
0.05063913241419889
0.0506458114397521
0.050652554935081126
0.050659363462700356
0.05066623758939464
0.050673177886245264
0.050680184928655975
0.05068725929637913
0.05069440157354191
0.0507016123486727
0.05070889221472747
0.05071624176911629
0.050723661613729945
0.05073115235496665
0.050738714603758804
0.05074634897559992
0.05075405609057155
0.0507618365733704
0.05076969105333542
0.050777620164475123
0.05078562454549486
0.050793704839824254
0.05080186169564475
0.05081009576591714
0.050818407708409355
0.05082679818572412
0.05083526786532691
0.05084381741957385
0.05085244752573975
0.05086115886604625
0.05086995212768999
0.05087882800287092
0.05088778718882065
0.050896830387830945
0.05090595830728221
0.050915171659672125
0.05092447116264438
0.05093385753901742
0.050943331516813295
0.05095289382928664
0.05096254521495368
0.0509722864176213
0.05098211818641628
0.05099204127581448
0.051002056445670234
0.05101216446124571
0.0510223660932404
0.051032662117820704
0.051043053316649524
0.05105354047691598
0.05106412439136519
0.05107480585832811
0.05108558568175145
0.05109646467122766
0.051107443642024984
0.051118523415117606
0.05112970481721581
0.051140988680796265
0.05115237584413234
0.05116386715132449
0.05117546345233072
0.0511871656029971
0.051198974465088365
0.051210890906318494
0.051222915800381505
0.05123505002698215
0.05124729447186677
0.05125965002685417
0.05127211758986655
0.051284698064960506
0.051297392362358085
0.051310201398477875
0.05132312609596619
0.05133616738372823
0.051349326196959394
0.051362603477176576
0.05137600017224951
0.05138951723643218
0.05140315563039431
0.051416916321252816
0.0514308002826034
0.05144480849455209
0.05145894194374692
0.0514732016234096
0.051487588533367185
0.05150210368008388
0.051516748076692806
0.051531522743027844
0.051546428705655484
0.05156146699790674
0.05157663865990905
0.051591944738618306
0.05160738628785077
0.051622964368315157
0.051638680047644644
0.051654534400429
0.051670528508246626
0.05168666345969674
0.0517029403504315
0.05171936028318818
0.05173592436782138
0.0517526337213352
0.05176948946791551
0.05178649273896216
0.05180364467312126
0.05182094641631746
0.051838399121786206
0.05185600395010603
0.051873762069230916
0.051891674654522504
0.0519097428887825
0.05192796796228494
0.051946351072808525
0.05196489342566894
0.051983596233751185
0.05200246071754188
0.05202148810516158
0.05204067963239709
0.052060036542733765
0.0520795600873878
0.0520992515253385
0.05211911212336058
0.05213914315605639
0.052159345905888166
0.052179721663210256
0.05220027172630132
0.0522209974013965
0.052241900002719596
0.05226298085251522
0.052284241281080834
0.05230568262679891
0.05232730623616894
0.05234911346383945
0.05237110567263999
0.052393284233613106
0.05241565052604623
0.05243820593750354
0.05246095186385782
0.05248388970932222
0.05250702088648202
0.05253034681632631
0.05255386892827963
0.052577588660233605
0.05260150745857842
0.05262562677823433
0.052649948082683154
0.052674472843999516
0.05269920254288227
0.05272413866868565
0.05274928271945054
0.052774636201935496
0.052800200631647816
0.05282597753287453
0.05285196843871326
0.05287817489110306
0.05290459844085511
0.05293124064768343
0.0529581030802354
0.052985187316122256
0.053012494941949526
0.05304002755334727
0.05306778675500036
0.05309577416067854
0.053123991393266505
0.05315244008479378
0.053181121876464545
0.053210038418687385
0.05323919137110485
0.053268582402623
0.053298213191440735
0.05332808542507915
0.05335820080041061
0.05338856102368781
0.05341916781057276
0.053450022886165446
0.05348112798503263
0.05351248485123626
0.053544095238362004
0.053575960909547395
0.05360808363751002
0.05364046520457555
0.053673107402705506
0.05370601203352502
0.05373918090835037
0.05377261584821643
0.05380631868390383
0.05384029125596614
0.0538745354147568
0.05390905302045583
0.05394384594309653
0.05397891606259187
0.0540142652687608
0.05404989546135432
0.05408580855008145
0.05412200645463496
0.05415849110471695
0.054195264440064214
0.05423232841047348
0.05426968497582638
0.054307336106114316
0.054345283781463034
0.0543835299921571
0.05442207673866407
0.05446092603165856
0.054500079892046006
0.05453954035098636
0.05457930944991737
0.0546193892405778
0.05465978178503041
0.05470048915568468
0.05474151343531926
0.054782856717104304
0.05482452110462354
0.05486650871189602
0.054908821663397715
0.05495146209408289
0.05499443214940512
0.05503773398533822
0.05508136976839675
0.055125341675656435
0.055169651894774185
0.055214302624007956
0.0552592960722363
0.05530463445897764
0.05535032001440932
0.05539635497938636
0.05544274160545989
0.05548948215489538
0.05553657890069055
0.05558403412659302
0.055631850127117556
0.05568002920756322
0.055728573684030086
0.055777485883435646
0.05582676814353102
0.055876422812916736
0.055926452251058335
0.05597685882830151
0.05602764492588704
0.05607881293596542
0.056130365261611026
0.05618230431683613
0.05623463252660442
0.056287352326844384
0.05634046616446212
0.056393976497354004
0.05644788579441891
0.05650219653557009
0.056556911211746774
0.0566120323249253
0.05666756238813003
0.056723503925443716
0.056779859472017705
0.05683663157408163
0.056893822788952796
0.05695143568504515
0.057009472841877885
0.05706793685008375
0.05712683031141678
0.05718615583875979
0.057245916056131475
0.05730611359869302
0.057366751112754355
0.05742783125578002
0.05748935669639467
0.05755133011438798
0.05761375420071939
0.05767663165752221
0.05773996519810744
0.0578037575469671
0.05786801143977717
0.05793272962340005
0.05799791485588658
0.05806356990647771
0.05812969755560559
0.05819630059489432
0.05826338182716018
0.05833094406641142
0.05839899013784767
0.058467522877858696
0.0585365451340229
0.05860605976510524
0.05867606964105462
0.058746577643000966
0.05881758666325167
0.0588890996052876
0.058961119383758635
0.05903364892447868
0.05910669116442023
0.05918024905170833
0.05925432554561414
0.05932892361654796
0.0594040462460517
0.059479696426790886
0.05955587716254607
0.05963259146820386
0.05970984236974725
0.05978763290424553
0.05986596611984362
0.0599448450757509
0.060024272842229415
0.060104252500581636
0.06018478714313765
0.06026587987324167
0.06034753380523817
0.06042975206445734
0.060512537787200046
0.06059589412072212
0.06067982422321816
0.06076433126380481
0.060849418422503285
0.06093508889022142
0.061021345868735186
0.061108192570669496
0.06119563221947848
0.061283668049425116
0.061372303305560406
0.06146154124370164
0.061551385130410426
0.061641838242969774
0.06173290386936085
0.06182458530823882
0.06191688586890827
0.062009808871298026
0.06210335764593512
0.062197535533918324
0.06229234588689097
0.06238779206701316
0.062483877446933254
0.06258060540975874
0.06267797934902655
0.06277600266867257
0.06287467878300051
0.06297401111665026
0.06307400310456536
0.06317465819195998
0.06327597983428507
0.063377971497194
0.06348063665650733
0.06358397879817707
0.0636880014182501
0.06379270802283103
0.06389810212804424
0.06400418725999528
0.06411096695473165
0.06421844475820263
0.06432662422621867
0.06443550892440994
0.06454510242818415
0.06465540832268364
0.06476643020274181
0.06487817167283881
0.06499063634705644
0.06510382784903236
0.06521774981191351
0.06533240587830898
0.06544779970024181
0.06556393493910029
0.06568081526558853
0.06579844435967604
0.06591682591054676
0.06603596361654727
0.06615586118513432
0.0662765223328213
0.06639795078512431
0.06652015027650734
0.06664312455032642
0.0667668773587734
0.0668914124628186
0.06701673363215298
0.06714284464512921
0.06726974928870216
0.06739745135836861
0.06752595465810599
0.06765526300031038
0.06778538020573395
0.06791631010342122
0.06804805653064472
0.06818062333283977
0.06831401436353865
0.06844823348430355
0.06858328456465908
0.06871917148202375
0.06885589812164077
0.06899346837650777
0.06913188614730606
0.06927115534232871
0.06941127987740801
0.069552263675842
0.06969411066832015
0.06983682479284835
0.06998040999467277
0.07012487022620315
0.0702702094469351
0.07041643162337159
0.07056354072894352
0.07071154074392949
0.07086043565537486
0.07101022945700952
0.07116092614916528
0.07131252973869218
0.07146504423887379
0.07161847366934193
0.07177282205599031
0.07192809343088741
0.0720842918321884
0.07224142130404615
0.07239948589652165
0.07255848966549308
0.07271843667256436
0.07287933098497276
0.07304117667549545
0.07320397782235531
0.07336773850912587
0.07353246282463526
0.07369815486286929
0.07386481872287373
0.07403245850865549
0.07420107832908324
0.07437068229778673
0.07454127453305541
0.07471285915773636
0.07488544029913083
0.07505902208889029
0.07523360866291136
0.07540920416123004
0.0755858127279147
0.07576343851095846
0.07594208566217059
0.07612175833706687
0.07630246069475921
0.0764841968978442
0.07666697111229095
0.07685078750732777
0.07703565025532806
0.07722156353169546
0.07740853151474764
0.07759655838559958
0.0777856483280458
0.07797580552844166
0.07816703417558368
0.07835933846058903
0.07855272257677415
0.0787471907195322
0.07894274708620998
0.07913939587598348
0.07933714128973304
0.07953598752991696
0.07973593880044473
0.07993699930654917
0.08013917325465739
0.08034246485226129
0.0805468783077867
0.080752417830462
0.08095908763018544
0.0811668919173918
0.08137583490291814
0.0815859207978683
0.08179715381347698
0.08200953816097253
0.08222307805143893
0.08243777769567687
0.0826536413040639
0.08287067308641385
0.08308887725183481
0.08330825800858678
0.08352881956393826
0.08375056612402157
0.08397350189368771
0.08419763107636007
0.08442295787388743
0.08464948648639567
0.084877221112139
0.08510616594735013
0.08533632518608933
0.08556770302009298
0.08580030363862085
0.08603413122830281
0.08626918997298433
0.08650548405357128
0.08674301764787387
0.08698179493044948
0.08722182007244483
0.08746309724143717
0.0877056306012746
0.08794942431191546
0.08819448252926682
0.08844080940502233
0.08868840908649875
0.08893728571647216
0.08918744343301269
0.08943888636931899
0.08969161865355135
0.08994564440866412
0.09020096775223754
0.09045759279630815
0.09071552364719884
0.09097476440534777
0.09123531916513677
0.09149719201471829
0.09176038703584213
0.0920249083036811
0.09229075988665561
0.09255794584625779
0.09282647023687458
0.09309633710561013
0.09336755049210706
0.09364011442836728
0.09391403293857195
0.09418931003890023
0.09446594973734766
0.09474395603354359
0.09502333291856782
0.09530408437476631
0.09558621437556625
0.09586972688529043
0.09615462585897047
0.09644091524215961
0.09672859897074462
0.097017680970757
0.09730816515818311
0.09760005543877381
0.09789335570785368
0.09818806985012855
0.09848420173949318
0.09878175523883767
0.09908073419985361
0.09938114246283879
0.09968298385650179
0.0999862621977658
0.10029098129157131
0.10059714493067838
0.1009047568954683
0.10121382095374445
0.10152434086053216
0.1018363203578783
0.10214976317465023
0.10246467302633352
0.10278105361482953
0.10309890862825206
0.10341824174072367
0.10373905661217073
0.10406135688811827
0.10438514619948444
0.1047104281623735
0.1050372063778689
0.1053654844318255
0.10569526589466133
0.10602655432114816
0.10635935325020224
0.10669366620467409
0.1070294966911375
0.10736684819967819
0.10770572420368192
0.10804612815962211
0.10838806350684622
0.10873153366736266
0.1090765420456263
0.10942309202832376
0.10977118698415803
0.11012083026363284
0.11047202519883628
0.11082477510322387
0.11117908327140119
0.11153495297890628
0.1118923874819909
0.112251390017402
0.11261196380216242
0.11297411203335107
0.11333783788788268
0.11370314452228705
0.11407003507248832
0.11443851265358303
0.11480858035961823
0.11518024126336927
0.11555349841611702
0.11592835484742438
0.11630481356491305
0.1166828775540394
0.11706254977787019
0.11744383317685779
0.11782673066861539
0.1182112451476912
0.11859737948534313
0.11898513652931257
0.11937451910359781
0.11976553000822777
0.12015817201903466
0.12055244788742692
0.12094836034016154
0.12134591207911634
0.1217451057810619
0.122145944097433
0.12254842965410043
0.1229525650511417
0.12335835286261256
0.12376579563631723
0.12417489589357936
0.12458565612901218
0.12499807881028875
0.12541216637791194
0.12582792124498432
0.12624534579697788
0.12666444239150354
0.12708521335808054
0.127507660997906
0.12793178758362372
0.1283575953590938
0.12878508653916107
0.1292142633094246
0.12964512782600618
0.1300776822153194
0.13051192857383836
0.13094786896786637
0.13138550543330468
0.13182483997542133
0.1322658745686198
0.1327086111562077
0.1331530516501657
0.13359919793091618
0.13404705184709215
0.13449661521530615
0.13494788981991918
0.13540087741280993
0.13585557971314377
0.13631199840714214
0.13677013514785197
0.13722999155491483
0.13769156921433723
0.1381548696782599
0.13861989446472806
0.13908664505746132
0.13955512290562444
0.14002532942359758
0.14049726599074702
0.1409709339511965
0.1414463346135981
0.14192346925090393
0.142402339100138
0.1428829453621679
0.1433652892014775
0.14384937174593948
0.14433519408658807
0.1448227572773927
0.14531206233503124
0.14580311023866444
0.14629590192970976
0.1467904383116165
0.14728672024964068
0.14778474857062074
0.1482845240627534
0.14878604747537
0.14928931951871355
0.14979434086371562
0.15030111214177458
0.15080963394453345
0.15131990682365895
0.1518319312906205
0.15234570781647022
0.15286123683162312
0.1533785187256381
0.1538975538469993
0.15441834250289815
0.1549408849590161
0.15546518143930765
0.15599123212578442
0.1565190371582996
0.15704859663433282
0.15757991060877638
0.1581129790937214
0.15864780205824525
0.15918437942819902
0.15972271108599667
0.16026279687040385
0.16080463657632832
0.16134822995461065
0.16189357671181565
0.16244067651002517
0.16298952896663088
0.16354013365412856
0.16409249009991292
0.16464659778607305
0.16520245614918935
0.16576006458013054
0.16631942242385242
0.16688052897919653
0.16744338349869084
0.16800798518835047
0.16857433320747967
0.16914242666847507
0.16971226463662917
0.17028384612993575
0.17085717011889534
0.17143223552632253
0.17200904122715366
0.17258758604825594
0.17316786876823764
0.17374988811725883
0.17433364277684424
0.1749191313796959
0.1755063525095082
0.176095304700783
0.17668598643864653
0.17727839615866747
0.1778725322466756
0.17846839303858242
0.1790659768202023
0.1796652818270753
0.18026630624429124
0.1808690482063144
0.18147350579681015
0.18207967704847272
0.18268755994285418
0.1832971524101943
0.18390845232925263
0.18452145752714133
0.18513616577915892
0.18575257480862667
0.18637068228672493
0.18699048583233202
0.1876119830118636
0.18823517133911416
0.1888600482750996
0.18948661122790111
0.19011485755251106
0.1907447845506796
0.19137638947076357
0.19200966950757625
0.192644621802239
0.19328124344203418
0.19391953146025986
0.19455948283608604
0.1952010944944121
0.19584436330572658
0.1964892860859675
0.1971358595963854
0.1977840805434074
0.1984339455785027
0.19908545129805044
0.1997385942432085
0.20039337089978454
0.2010497776981084
0.20170781101290636
0.2023674671631771
0.2030287424120693
0.2036916329667613
0.20435613497834187
0.20502224454169377
0.2056899576953779
0.20635927042152047
0.20703017864570117
0.20770267823684307
0.20837676500710534
0.20905243471177654
0.20972968304917083
0.21040850566052588
0.21108889812990161
0.21177085598408285
0.21245437469248163
0.2131394496670434
0.21382607626215405
0.21451424977454897
0.21520396544322468
0.2158952184493519
0.21658800391619082
0.2172823169090083
0.21797815243499724
0.21867550544319792
0.21937437082442124
0.22007474341117428
0.22077661797758796
0.22147998923934625
0.22218485185361814
0.2228912004189917
0.22359902947540922
0.22430833350410617
0.22501910692755106
0.22573134410938756
0.22644503935437948
0.22716018690835726
0.22787678095816705
0.22859481563162154
0.22931428499745377
0.23003518306527232
0.2307575037855193
0.2314812410494303
0.2322063886889969
0.2329329404769312
0.23366089012663238
0.23439023129215647
0.23512095756818752
0.2358530624900111
0.23658653953349096
0.2373213821150471
0.23805758359163687
0.23879513726073776
0.2395340363603332
0.24027427406890056
0.2410158435054009
0.24175873772927237
0.2425029497404247
0.24324847247923703
0.24399529882655774
0.2447434216037067
0.24549283357248053
0.2462435274351591
0.2469954958345159
0.24774873135383002
0.2485032265169007
0.24925897378806455
0.2500159655722154
0.2507741942148263
0.2515336520019739
0.2522943311603664
0.2530562238573725
0.2538193222010542
0.25458361824020104
0.2553491039643683
0.25611577130391633
0.256883612130053
0.2576526182548793
0.2584227814314363
0.2591940933537562
0.2599665456569143
0.26074012991708545
0.2615148376516013
0.26229066031901116
0.2630675893191461
0.26384561599318346
0.2646247316237171
0.26540492743482713
0.2661861945921549
0.2669685242029791
0.2677519073162949
0.26853633492289614
0.26932179795545946
0.2701082872886322
0.27089579373912165
0.2716843080657881
0.2724738209697401
0.2732643230944322
0.2740558050257662
0.27484825729219414
0.2756416703648246
0.27643603465753175
0.2772313405270666
0.2780275782731718
0.27882473813869824
0.2796228103097252
0.2804217849156826
0.28122165202947674
0.28202240166761766
0.2828240237903507
0.2836265083017895
0.28442984505005225
0.28523402382740126
0.28603903437038447
0.28684486635997974
0.28765150942174283
0.28845895312595704
0.2892671869877863
0.2900762004674307
0.29088598297028523
0.29169652384710054
0.2925078123941477
0.29331983785338367
0.29413258941262244
0.2949460562057063
0.29576022731268115
0.2965750917599749
0.2973906385205772
0.29820685651422413
0.2990237346075836
0.29984126161444447
0.3006594262959088
0.30147821736058605
0.3022976234647909
0.3031176332127427
0.30393823515676954
0.304759417797513
0.30558116958413706
0.3064034789145397
0.3072263341355662
0.30804972354322707
0.30887363538291673
0.30969805784963644
0.3105229790882196
0.311348387193559
0.31217427021083843
0.3130006161357655
0.31382741291480826
0.314654648445434
0.31548231057635107
0.31631038710775355
0.31713886579156825
0.3179677343317048
0.3187969803843084
0.3196265915580157
0.3204565554142121
0.3212868594672936
0.3221174911849302
0.32294843798833195
0.3237796872525186
0.32461122630659095
0.32544304243400574
0.3262751228728526
0.3271074548161343
0.32794002541204886
0.3287728217642755
0.3296058309322622
0.33043903993151597
0.3312724357338973
0.33210600526791495
0.3329397354190253
0.3337736130299333
0.33460762490089657
0.33544175779003177
0.33627599841362393
0.3371103334464381
0.3379447495220336
0.3387792332330818
0.33961377113168456
0.3404483497296972
0.341282955499053
0.34211757487209055
0.3429521942418837
0.34378679996257405
0.34462137834970547
0.3454559156805621
0.3462903981945085
0.34712481209333157
0.3479591435415862
0.34879337866694243
0.3496275035605359
0.3504615042773198
0.35129536683642043
0.3521290772214941
0.3529626213810874
0.35379598522899935
0.35462915464464617
0.35546211547342815
0.35629485352709966
0.35712735458414063
0.357959604390131
0.35879158865812777
0.35962329306904317
0.3604547032720268
0.36128580488484885
0.3621165834942862
0.362947024656511
0.36377711389748074
0.3646068367133314
0.3654361785707726
0.3662651249074849
0.36709366113251946
0.3679217726266996
0.3687494447430253
0.36957666280707896
0.37040341211743416
0.37122967794606615
0.3720554455387644
0.3728807001155475
0.3737054268710803
0.3745296109750931
0.3753532375728023
0.3761762917853343
0.3769987587101505
0.37782062342147427
0.3786418709707213
0.3794624863869301
0.3802824546771958
0.3811017608271057
0.38192038980117593
0.38273832654329176
0.38355555597714774
0.3843720630066917
0.38518783251656946
0.3860028493725714
0.386817098422082
0.38763056449452965
0.38844323240183976
0.3892550869388886
0.3900661128839594
0.3908762949992007
0.3916856180310848
0.39249406671087034
0.39330162575506455
0.3941082798658883
0.39491401373174234
0.3957188120276756
0.3965226594158546
0.3973255405460351
0.39812744005603495
0.39892834257220866
0.39972823270992347
0.4005270950740369
0.401324914259376
0.4021216748512183
0.4029173614257734
0.4037119585506672
0.404505450785427
0.4052978226819671
0.4060890587850779
0.4068791436329144
0.40766806175748704
0.4084557976851542
0.40924233593711457
0.4100276610299028
0.4108117574758844
0.41159460978375373
0.412376202459032
0.41315652000456693
0.4139355469210334
0.4147132677074358
0.41548966686161054
0.41626472888073107
0.4170384382618124
0.4178107795022183
0.41858173710016805
0.4193512955552452
0.4201194393689077
0.42088615304499755
0.42165142109025244
0.4224152280148186
0.42317755833276394
0.423938396562592
0.4246977272277576
0.4254555348571823
0.4262118039857713
0.4269665191549315
0.427719664913089
0.42847122581620933
0.42922118642831614
0.42996953132201254
0.4307162450790024
0.43146131229061135
0.43220471755831064
0.43294644549423933
0.433686480721728
0.434424807875824
0.4351614116038152
0.43589627656575586
0.43662938743499247
0.4373607288986899
0.4380902856583581
0.4388180424303796
0.4395439839465366
0.4402680949545391
0.44099036021855303
0.4417107645197291
0.442429292656731
0.44314592944626524
0.4438606597236098
0.4445734683431442
0.445284340178879
0.44599326012498575
0.44670021309632674
0.4474051840289853
0.44810815788079617
0.4488091196318758
0.44950805428515217
0.45020494686689555
0.4508997824272484
0.45159254604075594
0.45228322280689615
0.45297179785060976
0.4536582563228305
0.4543425834010141
0.45502476428966854
0.4557047842208838
0.4563826284548598
0.4570582822804363
0.4577317310156212
0.4584029600081188
0.459071954635858
0.4597387003075194
0.46040318246306294
0.4610653865742548
0.46172529814519314
0.4623829027128347
0.46303818584751977
0.4636911331534973
0.4643417302694487
0.46498996286901223
0.4656358166613059
0.46627927739144964
0.4669203308410879
0.4675589628289101
0.46819515921117133
0.46882890588221227
0.46946018877497797
0.470088993861536
0.4707153071535941
0.4713391147030162
0.47196040260233857
0.4725791569852843
0.47319536402727735
0.473809009945955
0.4744200810016805
0.4750285634980531
0.47563444378241876
0.47623770824637857
0.4768383433262965
0.47743633550380604
0.47803167130631585
0.478624337307514
0.4792143201278715
0.4798016064351437
0.4803861829448711
0.4809680364208793
0.4815471536757766
0.4821235215714514
0.48269712701956696
0.48326795698205627
0.48383599847161446
0.48440123855218986
0.48496366433947474
0.4855232630013925
0.4860800217585856
0.48663392788490034
0.48718496870787104
0.48773313160920195
0.48827840402524814
0.4888207734474946
0.4893602274230332
0.48989675355503887
0.4904303395032432
0.49096097298440705
0.4914886417727905
0.4920133337006222
0.492535036658566
0.493053738596186
0.4935694275224097
0.49408209150598964
0.49459171867596263
0.4950982972221074
0.49560181539540005
0.49610226150846753
0.4965996239360396
0.4970938911153981
0.49758505154682464
0.4980730937940454
0.49855800648467574
0.49903977831065993
0.4995183980287114
0.4999938544607489
0.5004661364943315
0.500935233083091
0.5014011332471623
0.5018638260736107
0.5023233007168589
0.5027795463991088
0.5032325524107638
0.5036823081108467
0.5041288029274162
0.504572026357981
0.5050119679699111
0.5054486174008466
0.5058819643591043
0.5063119986240822
0.5067387100466603
0.5071620885496004
0.5075821241279416
0.507998806849395
0.5084121268547344
0.5088220743581847
0.5092286396478092
0.5096318130858908
0.5100315851093145
0.5104279462299441
0.5108208870349981
0.5112103981874214
0.5115964704262559
0.5119790945670063
0.5123582615020048
0.512733962200772
0.5131061877103756
0.5134749291557855
0.5138401777402264
0.5142019247455275
0.5145601615324698
0.5149148795411287
0.515266070291216
0.5156137253824167
0.515957836494725
0.5162983953887749
0.5166353939061693
0.5169688239698064
0.517298677584201
0.5176249468358051
0.5179476238933237
0.5182667010080284
0.5185821705140667
0.5188940248287701
0.5192022564529569
0.5195068579712329
0.5198078220522888
0.5201051414491944
0.5203988089996894
0.52068881762647
0.5209751603374749
0.5212578302261645
0.5215368204717996
0.5218121243397151
0.5220837351815916
0.5223516464357217
0.5226158516272759
0.522876344368562
0.5231331183592829
0.5233861673867909
0.5236354853263376
0.5238810661413217
0.5241229038835316
0.5243609926933864
0.5245953268001724
0.5248259005222754
0.5250527082674113
0.5252757445328518
0.5254950039056462
0.5257104810628417
0.5259221707716975
0.5261300678898971
0.5263341673657572
0.5265344642384306
0.5267309536381088
0.5269236307862184
0.527112490995615
0.5272975296707733
0.5274787423079736
0.5276561244954843
0.5278296719137405
0.5279993803355204
0.5281652456261161
0.5283272637435013
0.5284854307384959
0.5286397427549269
0.5287901960297838
0.5289367868933728
0.5290795117694653
0.5292183671754433
0.5293533497224415
0.5294844561154846
0.5296116831536216
0.5297350277300562
0.529854486832273
0.5299700575421602
0.5300817370361286
0.5301895225852259
0.5302934115552489
0.5303934014068499
0.5304894896956405
0.5305816740722913
0.5306699522826274
0.5307543221677204
0.5308347816639764
0.5309113288032199
0.5309839617127745
0.531052678615539
0.5311174778300595
0.5311783577705985
0.5312353169471997
0.531288353965748
0.5313374675280272
0.5313826564317723
0.5314239195707193
0.5314612559346494
0.5314946646094312
0.5315241447770569
0.5315496957156769
0.5315713167996283
0.5315890074994611
0.5316027673819591
0.5316125961101584
0.5316184934433604
0.5316204592371421
0.5316184934433618
0.5316125961101612
0.5316027673819633
0.5315890074994667
0.5315713167996353
0.5315496957156852
0.5315241447770666
0.5314946646094422
0.5314612559346619
0.5314239195707331
0.5313826564317876
0.5313374675280438
0.5312883539657659
0.531235316947219
0.5311783577706193
0.5311174778300816
0.5310526786155625
0.5309839617127995
0.5309113288032462
0.530834781664004
0.5307543221677494
0.5306699522826577
0.530581674072323
0.5304894896956736
0.5303934014068844
0.5302934115552848
0.5301895225852632
0.5300817370361671
0.5299700575422003
0.5298544868323145
0.529735027730099
0.5296116831536658
0.5294844561155301
0.5293533497224884
0.5292183671754915
0.5290795117695148
0.5289367868934237
0.5287901960298361
0.5286397427549805
0.5284854307385509
0.5283272637435575
0.5281652456261737
0.5279993803355796
0.5278296719138009
0.527656124495546
0.5274787423080368
0.5272975296708379
0.5271124909956808
0.5269236307862856
0.5267309536381773
0.5265344642385005
0.5263341673658284
0.5261300678899696
0.5259221707717713
0.5257104810629168
0.5254950039057228
0.5252757445329296
0.5250527082674905
0.5248259005223559
0.5245953268002542
0.5243609926934696
0.524122903883616
0.5238810661414075
0.5236354853264248
0.5233861673868793
0.5231331183593726
0.522876344368653
0.5226158516273682
0.5223516464358153
0.5220837351816865
0.5218121243398114
0.5215368204718971
0.5212578302262633
0.5209751603375751
0.5206888176265715
0.520398808999792
0.5201051414492984
0.5198078220523941
0.5195068579713394
0.5192022564530647
0.5188940248288793
0.5185821705141771
0.51826670100814
0.5179476238934367
0.5176249468359193
0.5172986775843164
0.516968823969923
0.5166353939062872
0.516298395388894
0.5159578364948455
0.5156137253825385
0.5152660702913389
0.5149148795412528
0.5145601615325952
0.5142019247456543
0.5138401777403542
0.5134749291559146
0.513106187710506
0.5127339622009037
0.5123582615021376
0.5119790945671403
0.5115964704263911
0.511210398187558
0.5108208870351357
0.5104279462300829
0.5100315851094546
0.5096318130860321
0.5092286396479516
0.5088220743583285
0.5084121268548792
0.5079988068495411
0.5075821241280889
0.5071620885497488
0.5067387100468099
0.5063119986242329
0.5058819643592561
0.5054486174009997
0.5050119679700654
0.5045720263581366
0.5041288029275728
0.5036823081110045
0.5032325524109227
0.5027795463992688
0.50232330071702
0.501863826073773
0.5014011332473256
0.5009352330832555
0.5004661364944972
0.4999938544609157
0.49951839802887926
0.49903977831082896
0.49855800648484583
0.4980730937942167
0.4975850515469969
0.49709389111557156
0.49659962393621415
0.49610226150864317
0.49560181539557663
0.49509829722228516
0.49459171867614143
0.4940820915061695
0.49356942752259064
0.49305373859636803
0.4925350366587491
0.49201333370080635
0.4914886417729757
0.49096097298459335
0.4904303395034305
0.48989675355522727
0.4893602274232226
0.488820773447685
0.48827840402543954
0.4877331316093943
0.48718496870806444
0.48663392788509474
0.486080021758781
0.4855232630015889
0.4849636643396722
0.4844012385523883
0.4838359984718138
0.48326795698225666
0.4826971270197683
0.4821235215716537
0.48154715367598
0.4809680364210836
0.48038618294507635
0.47980160643534986
0.47921432012807874
0.4786243373077222
0.4780316713065249
0.47743633550401604
0.47683834332650743
0.47623770824659056
0.4756344437826316
0.4750285634982668
0.47442008100189503
0.4738090099461706
0.47319536402749374
0.4725791569855017
0.4719604026025568
0.47133911470323525
0.470715307153814
0.47008899386175695
0.4694601887751997
0.4688289058824349
0.46819515921139476
0.4675589628291344
0.46692033084131307
0.4662792773916757
0.4656358166615327
0.46498996286924
0.46434173026967723
0.4636911331537267
0.46303818584775
0.46238290271306576
0.46172529814542496
0.46106538657448737
0.46040318246329637
0.45973870030775355
0.459071954636093
0.45840296000835473
0.4577317310158578
0.45705828228067363
0.45638262845509797
0.4557047842211227
0.45502476428990835
0.4543425834012545
0.4536582563230717
0.45297179785085184
0.4522832228071389
0.45159254604099935
0.4508997824274925
0.45020494686714047
0.44950805428539786
0.44880911963212217
0.44810815788104325
0.447405184029233
0.44670021309657515
0.44599326012523494
0.445284340179129
0.4445734683433948
0.4438606597238611
0.4431459294465171
0.44242929265698355
0.4417107645199823
0.44099036021880694
0.44026809495479363
0.4395439839467918
0.4388180424306354
0.4380902856586145
0.43736072889894695
0.43662938743525015
0.4358962765660141
0.4351614116040742
0.43442480787608356
0.43368648072198823
0.4329464454945
0.4322047175585721
0.4314613122908733
0.43071624507926487
0.4299695313222758
0.42922118642857976
0.4284712258164736
0.4277196649133538
0.4269665191551968
0.42621180398603714
0.4254555348574487
0.42469772722802457
0.4239383965628595
0.42317755833303194
0.4224152280150871
0.4216514210905215
0.42088615304526705
0.42011943936917784
0.41935129555551587
0.418581737100439
0.4178107795024898
0.4170384382620844
0.4162647288810035
0.4154896668618836
0.4147132677077092
0.4139355469213074
0.4131565200048414
0.41237620245930695
0.411594609784029
0.4108117574761601
0.41002766103017896
0.40924233593739123
0.4084557976854312
0.40766806175776454
0.4068791436331922
0.4060890587853561
0.40529782268224585
0.40450545078570604
0.40371195855094677
0.4029173614260532
0.4021216748514984
0.40132491425965655
0.4005270950743179
0.39972823271020486
0.39892834257249044
0.398127440056317
0.39732554054631747
0.3965226594161373
0.39571881202795867
0.3949140137320257
0.39410827986617203
0.3933016257553486
0.39249406671115467
0.3916856180313694
0.3908762949994857
0.39006611288424475
0.3892550869391742
0.38844323240212564
0.3876305644948158
0.38681709842236844
0.38600284937285817
0.38518783251685634
0.38437206300697896
0.38355555597743524
0.3827383265435794
0.3819203898014639
0.3811017608273939
0.3802824546774843
0.3794624863872188
0.3786418709710102
0.3778206234217634
0.3769987587104398
0.3761762917856239
0.37535323757309214
0.37452961097538306
0.3737054268713704
0.3728807001158378
0.3720554455390549
0.3712296779463569
0.3704034121177251
0.36957666280737006
0.36874944474331645
0.36792177262699094
0.36709366113281094
0.3662651249077766
0.3654361785710644
0.3646068367136234
0.3637771138977728
0.36294702465680323
0.36211658349457854
0.3612858048851412
0.3604547032723193
0.3596232930693358
0.35879158865842053
0.35795960439042385
0.35712735458443357
0.35629485352739265
0.35546211547372125
0.3546291546449393
0.3537959852292927
0.35296262138138085
0.35212907722178743
0.35129536683671386
0.3504615042776133
0.34962750356082944
0.3487933786672361
0.3479591435418798
0.3471248120936252
0.34629039819480223
0.3454559156808558
0.3446213783499991
0.34378679996286776
0.3429521942421775
0.34211757487238437
0.3412829554993467
0.3404483497299909
0.3396137711319782
0.3387792332333755
0.33794474952232745
0.33711033344673164
0.3362759984139176
0.3354417577903253
0.3346076249011901
0.33377361303022685
0.3329397354193187
0.3321060052682084
0.33127243573419063
0.33043903993180923
0.3296058309325553
0.3287728217645687
0.3279400254123419
0.3271074548164272
0.32627512287314553
0.3254430424342985
0.3246112263068836
0.3237796872528112
0.32294843798862444
0.32211749118522254
0.3212868594675859
0.3204565554145043
0.3196265915583077
0.3187969803846004
0.31796773433199654
0.31713886579185985
0.31631038710804504
0.3154823105766425
0.3146546484457252
0.3138274129150993
0.31300061613605645
0.3121742702111291
0.3113483871938496
0.31052297908850995
0.3096980578499267
0.30887363538320683
0.3080497235435169
0.3072263341358559
0.3064034789148291
0.30558116958442644
0.3047594177978021
0.3039382351570585
0.3031176332130314
0.3022976234650793
0.3014782173608744
0.3006594262961968
0.29984126161473235
0.2990237346078712
0.2982068565145115
0.29739063852086434
0.2965750917602617
0.2957602273129678
0.2949460562059927
0.2941325894129086
0.29331983785366955
0.29250781239443324
0.291696523847386
0.29088598297057033
0.2900762004677156
0.28926718698807086
0.28845895312624137
0.28765150942202694
0.28684486636026346
0.28603903437066797
0.2852340238276845
0.28442984505033514
0.283626508302072
0.28282402379063304
0.2820224016678997
0.28122165202975835
0.280421784915964
0.27962281031000624
0.278824738138979
0.2780275782734522
0.2772313405273467
0.27643603465781147
0.275641670365104
0.2748482572924732
0.27405580502604493
0.2732643230947106
0.27247382097001804
0.2716843080660658
0.27089579373939904
0.2701082872889092
0.2693217979557361
0.26853633492317236
0.26775190731657084
0.2669685242032546
0.2661861945924301
0.26540492743510197
0.26462473162399147
0.2638456159934575
0.26306758931941965
0.2622906603192845
0.2615148376518741
0.2607401299173579
0.2599665456571864
0.25919409335402777
0.2584227814317076
0.2576526182551501
0.2568836121303235
0.2561157713041863
0.25534910396463795
0.25458361824047027
0.25381932220132286
0.2530562238576409
0.2522943311606344
0.2515336520022414
0.25077419421509334
0.2500159655724821
0.24925897378833084
0.24850322651716644
0.24774873135409536
0.2469954958347808
0.24624352743542355
0.24549283357274448
0.24474342160397028
0.2439952988268208
0.2432484724794996
0.24250294974068687
0.24175873772953405
0.24101584350566213
0.2402742740691613
0.23953403636059356
0.2387951372609976
0.23805758359189616
0.23732138211530596
0.23658653953374925
0.235853062490269
0.23512095756844492
0.23439023129241343
0.23366089012688884
0.23293294047718716
0.23220638868925242
0.23148124104968526
0.23075750378577375
0.23003518306552628
0.22931428499770723
0.2285948156318745
0.22787678095841946
0.22716018690860923
0.2264450393546309
0.22573134410963852
0.22501910692780142
0.22430833350435614
0.22359902947565863
0.22289120041924054
0.22218485185386655
0.22147998923959406
0.22077661797783527
0.22007474341142103
0.21937437082466743
0.2186755054434436
0.21797815243524238
0.21728231690925293
0.2165880039164349
0.21589521844959547
0.21520396544346765
0.2145142497747914
0.21382607626239597
0.21313944966728482
0.2124543746927225
0.2117708559843231
0.21108889813014142
0.21040850566076502
0.20972968304940953
0.20905243471201462
0.2083767650073428
0.2077026782370801
0.20703017864593753
0.20635927042175634
0.2056899576956132
0.2050222445419284
0.20435613497857608
0.20369163296699488
0.20302874241230234
0.20236746716340953
0.20170781101313823
0.2010497776983397
0.20039337090001524
0.19973859424343865
0.19908545129828004
0.19843394557873179
0.19778408054363583
0.19713585959661323
0.19648928608619476
0.19584436330595323
0.19520109449463824
0.19455948283631153
0.1939195314604848
0.1932812434422585
0.19264462180246278
0.19200966950779946
0.19137638947098617
0.1907447845509016
0.19011485755273239
0.18948661122812194
0.18886004827531983
0.18823517133933382
0.18761198301208265
0.18699048583255046
0.18637068228694276
0.18575257480884388
0.18513616577937558
0.18452145752735732
0.18390845232946812
0.18329715241040917
0.18268755994306835
0.18207967704868638
0.1814735057970231
0.18086904820652683
0.18026630624450307
0.17966528182728658
0.17906597682041292
0.17846839303879236
0.17787253224688498
0.17727839615887625
0.17668598643885475
0.17609530470099055
0.1755063525097152
0.17491913137990234
0.17433364277705
0.173749888117464
0.17316786876844215
0.17258758604845986
0.17200904122735694
0.1714322355265252
0.17085717011909746
0.1702838461301372
0.16971226463683003
0.16914242666867527
0.1685743332076793
0.16800798518854942
0.16744338349888926
0.16688052897939432
0.16631942242404957
0.1657600645803271
0.16520245614938528
0.1646465977862684
0.1640924901001076
0.16354013365432266
0.16298952896682434
0.16244067651021799
0.16189357671200794
0.16134822995480225
0.16080463657651936
0.16026279687059422
0.1597227110861864
0.1591843794283882
0.15864780205843376
0.15811297909390937
0.15757991060896367
0.1570485966345195
0.15651903715848564
0.15599123212596988
0.1554651814394925
0.15494088495920028
0.15441834250308178
0.15389755384718223
0.15337851872582048
0.15286123683180483
0.15234570781665135
0.15183193129080103
0.15131990682383883
0.15080963394471275
0.1503011121419532
0.14979434086389365
0.1492893195188909
0.1487860474755468
0.14828452406292958
0.14778474857079626
0.14728672024981565
0.1467904383117908
0.1462959019298835
0.14580311023883757
0.14531206233520377
0.1448227572775646
0.14433519408675935
0.14384937174611015
0.1433652892016476
0.14288294536233734
0.14240233910030684
0.1419234692510722
0.1414463346137657
0.14097093395136348
0.14049726599091344
0.14002532942376333
0.13955512290578964
0.1390866450576259
0.13861989446489198
0.13815486967842328
0.1376915692145
0.13722999155507698
0.13677013514801345
0.1363119984073031
0.1358555797133041
0.13540087741296963
0.1349478898200783
0.13449661521546463
0.13404705184725008
0.1335991979310735
0.13315305165032243
0.13270861115636384
0.13226587456877528
0.13182483997557623
0.13138550543345898
0.13094786896802008
0.13051192857399146
0.13007768221547195
0.1296451278261581
0.12921426330957592
0.1287850865393118
0.12835759535924393
0.12793178758377333
0.12750766099805494
0.12708521335822892
0.1266644423916513
0.1262453457971251
0.12582792124513098
0.12541216637805797
0.12499807881043419
0.12458565612915704
0.12417489589372363
0.12376579563646092
0.12335835286275562
0.12295256505128423
0.12254842965424234
0.12214594409757439
0.12174510578120266
0.12134591207925656
0.12094836034030118
0.12055244788756594
0.12015817201917314
0.11976553000836566
0.11937451910373516
0.11898513652944928
0.11859737948547934
0.11821124514782683
0.11782673066875039
0.11744383317699228
0.11706254977800405
0.11668287755417275
0.11630481356504582
0.1159283548475566
0.11555349841624868
0.11518024126350036
0.11480858035974874
0.11443851265371296
0.11407003507261772
0.11370314452241594
0.11333783788801094
0.11297411203347879
0.11261196380228965
0.11225139001752862
0.11189238748211694
0.11153495297903177
0.1111790832715262
0.11082477510334829
0.11047202519896013
0.11012083026375617
0.10977118698428079
0.10942309202844597
0.10907654204574799
0.10873153366748384
0.10838806350696681
0.10804612815974214
0.10770572420380149
0.10736684819979717
0.10702949669125592
0.10669366620479202
0.10635935325031964
0.10602655432126501
0.10569526589477764
0.10536548443194133
0.10503720637798414
0.10471042816248821
0.10438514619959864
0.10406135688823201
0.10373905661228387
0.1034182417408363
0.10309890862836421
0.10278105361494114
0.1024646730264446
0.1021497631747608
0.10183632035798842
0.1015243408606417
0.10121382095385348
0.10090475689557685
0.10059714493078639
0.10029098129167877
0.09998626219787278
0.09968298385660831
0.09938114246294476
0.09908073419995908
0.09878175523894267
0.09848420173959765
0.09818806985023251
0.09789335570795712
0.09760005543887681
0.09730816515828555
0.09701768097085899
0.09672859897084618
0.0964409152422606
0.09615462585907096
0.09586972688539044
0.0955862143756658
0.09530408437486536
0.09502333291866637
0.09474395603364169
0.09446594973744527
0.09418931003899733
0.0939140329386686
0.09364011442846348
0.09336755049220274
0.0930963371057053
0.09282647023696936
0.09255794584635206
0.0922907598867494
0.09202490830377441
0.09176038703593502
0.09149719201481069
0.0912353191652287
0.09097476440543925
0.09071552364728984
0.09045759279639867
0.09020096775232764
0.08994564440875379
0.08969161865364052
0.08943888636940772
0.08918744343310098
0.08893728571655998
0.08868840908658612
0.0884408094051092
0.08819448252935332
0.08794942431200148
0.08770563060136018
0.08746309724152233
0.08722182007252953
0.08698179493053372
0.08674301764795767
0.08650548405365469
0.08626918997306726
0.08603413122838532
0.08580030363870295
0.08556770302017461
0.08533632518617054
0.0851061659474309
0.08487722111221938
0.0846494864864756
0.08442295787396693
0.08419763107643918
0.08397350189376637
0.08375056612409981
0.08352881956401609
0.0833082580086642
0.08308887725191179
0.08287067308649043
0.08265364130414012
0.08243777769575263
0.08222307805151427
0.08200953816104747
0.08179715381355154
0.08158592079794244
0.08137583490299188
0.08116689191746516
0.08095908763025837
0.08075241783053452
0.08054687830785885
0.08034246485233303
0.08013917325472873
0.07993699930662013
0.07973593880051533
0.07953598752998713
0.07933714128980282
0.0791393958760529
0.07894274708627899
0.07874719071960082
0.07855272257684238
0.07835933846065692
0.07816703417565116
0.07797580552850877
0.07778564832811255
0.07759655838566593
0.07740853151481361
0.07722156353176107
0.07703565025539333
0.07685078750739263
0.07666697111235546
0.07648419689790836
0.07630246069482298
0.07612175833713028
0.07594208566223364
0.07576343851102116
0.07558581272797703
0.075409204161292
0.075233608662973
0.07505902208895154
0.07488544029919172
0.07471285915779692
0.07454127453311564
0.07437068229784657
0.07420107832914276
0.07403245850871468
0.07386481872293256
0.07369815486292777
0.07353246282469339
0.07336773850918368
0.07320397782241277
0.07304117667555257
0.07287933098502956
0.07271843667262083
0.0725584896655492
0.07239948589657744
0.07224142130410162
0.07208429183224353
0.07192809343094222
0.07177282205604482
0.0716184736693961
0.07146504423892762
0.07131252973874569
0.0711609261492185
0.0710102294570624
0.0708604356554274
0.07071154074398175
0.07056354072899544
0.0704164316234232
0.0702702094469864
0.07012487022625416
0.06998040999472345
0.06983682479289872
0.06969411066837024
0.06955226367589176
0.06941127987745746
0.06927115534237786
0.06913188614735492
0.06899346837655633
0.06885589812168902
0.06871917148207174
0.06858328456470676
0.06844823348435093
0.06831401436358574
0.06818062333288659
0.06804805653069121
0.06791631010346744
0.0677853802057799
0.06765526300035604
0.06752595465815134
0.0673974513584137
0.06726974928874699
0.06714284464517373
0.06701673363219722
0.06689141246286257
0.06676687735881709
0.06664312455036983
0.06652015027655048
0.0663979507851672
0.0662765223328639
0.06615586118517663
0.06603596361658935
0.06591682591058855
0.06579844435971757
0.0656808152656298
0.06556393493914131
0.06544779970028254
0.06533240587834946
0.06521774981195375
0.06510382784907232
0.06499063634709615
0.06487817167287827
0.06476643020278101
0.06465540832272258
0.06454510242822284
0.06443550892444841
0.06432662422625686
0.06421844475824057
0.06411096695476934
0.06400418726003275
0.06389810212808146
0.063792708022868
0.06368800141828684
0.06358397879821355
0.06348063665654358
0.06337797149723
0.06327597983432086
0.06317465819199553
0.06307400310460068
0.06297401111668534
0.06287467878303536
0.06277600266870718
0.06267797934906094
0.0625806054097929
0.06248387744696717
0.062387792067046866
0.062292345886924456
0.062197535533951576
0.06210335764596815
0.06200980887133084
0.061916885868940875
0.06182458530827119
0.06173290386939301
0.06164183824300173
0.06155138513044215
0.06146154124373315
0.061372303305591694
0.061283668049456216
0.061195632219509355
0.061108192570700166
0.061021345868765654
0.060935088890251676
0.06084941842253332
0.06076433126383465
0.06067982422324781
0.060595894120751545
0.06051253778722928
0.060429752064486385
0.06034753380526701
0.060265879873270305
0.06018478714316609
0.06010425250060989
0.06002427284225746
0.05994484507577875
0.05986596611987129
0.059787632904273004
0.05970984236977453
0.05963259146823095
0.05955587716257298
0.059479696426817594
0.05940404624607823
0.05932892361657431
0.0592543255456403
0.0591802490517343
0.05910669116444602
0.05903364892450431
0.058961119383784066
0.058889099605312856
0.05881758666327675
0.05874657764302586
0.05867606964107934
0.05860605976512978
0.05853654513404728
0.0584675228778829
0.0583989901378717
0.05833094406643529
0.058263381827183866
0.058196300594917844
0.05812969755562895
0.058063569906500904
0.057997914855909605
0.0579327296234229
0.057868011439799874
0.05780375754698963
0.0577399651981298
0.057676631657544414
0.05761375420074144
0.057551330114409875
0.057489356696416395
0.0574278312558016
0.05736675111277577
0.05730611359871428
0.05724591605615259
0.057186155838780756
0.05712683031143758
0.0570679368501044
0.05700947284189839
0.05695143568506549
0.056893822788972995
0.05683663157410168
0.05677985947203762
0.05672350392546348
0.05666756238814964
0.05661203232494478
0.0565569112117661
0.05650219653558928
0.05644788579443794
0.05639397649737291
0.056340466164480886
0.05628735232686301
0.056234632526622905
0.05618230431685447
0.056130365261629234
0.05607881293598349
0.056027644925904986
0.05597685882831931
0.055926452251076
0.055876422812934284
0.05582676814354843
0.055777485883452924
0.05572857368404723
0.055680029207580244
0.055631850127134445
0.05558403412660978
0.0555365789007072
0.05548948215491189
0.05544274160547627
0.055396354979402616
0.05535032001442546
0.055304634458993654
0.05525929607225219
0.055214302624023735
0.05516965189478984
0.055125341675671964
0.05508136976841217
0.05503773398535352
0.054994432149420305
0.05495146209409795
0.05490882166341267
0.05486650871191085
0.05482452110463826
0.05478285671711891
0.05474151343533375
0.054700489155699056
0.05465978178504469
0.05461938924059196
0.05457930944993142
0.0545395403510003
0.05450007989205985
0.05446092603167228
0.05442207673867769
0.05438352999217061
0.05434528378147645
0.05430733610612762
0.05426968497583958
0.05423232841048658
0.05419526444007721
0.05415849110472984
0.05412200645464775
0.05408580855009414
0.05404989546136691
0.05401426526877329
0.053978916062604264
0.053943845943108824
0.05390905302046803
0.053874535414768894
0.053840291255978154
0.053806318683915735
0.05377261584822824
0.0537391809083621
0.05370601203353664
0.05367310740271704
0.05364046520458699
0.05360808363752138
0.05357596090955865
0.05354409523837317
0.05351248485124735
0.05348112798504362
0.05345002288617635
0.05341916781058357
0.053388561023698544
0.053358200800421245
0.053328085425089704
0.05329821319145121
0.05326858240263338
0.05323919137111515
0.053210038418697606
0.05318112187647468
0.053152440084803826
0.053123991393276476
0.05309577416068843
0.053067786755010164
0.053040027553357
0.05301249494195918
0.05298518731613183
0.052958103080244893
0.05293124064769285
0.05290459844086445
0.05287817489111232
0.052851968438722446
0.052825977532883636
0.05280020063165685
0.052774636201944454
0.05274928271945943
0.05272413866869447
0.052699202542891004
0.05267447284400818
0.052649948082691744
0.05262562677824286
0.05260150745858687
0.05257758866024199
0.05255386892828795
0.05253034681633455
0.052507020886490195
0.05248388970933032
0.05246095186386586
0.052438205937511514
0.05241565052605414
0.052393284233620954
0.052371105672647765
0.05234911346384715
0.05232730623617658
0.052305682626806495
0.05228424128108835
0.05226298085252267
0.052241900002726986
0.05222099740140382
0.052200271726308575
0.05217972166321745
0.052159345905895306
0.05213914315606347
0.052119112123367596
0.05209925152534546
0.0520795600873947
0.052060036542740606
0.05204067963240387
0.05202148810516831
0.05200246071754855
0.0519835962337578
0.05196489342567549
0.05194635107281502
0.051927967962291384
0.051909742888788885
0.05189167465452884
0.05187376206923719
0.05185600395011226
0.051838399121792375
0.05182094641632358
0.05180364467312733
0.05178649273896817
0.05176948946792147
0.05175263372134111
0.051735924367827237
0.05171936028319399
0.05170294035043725
0.051686663459702444
0.051670528508252274
0.051654534400434604
0.0516386800476502
0.05162296436832066
0.05160738628785623
0.05159194473862372
0.051576638659914416
0.05156146699791205
0.05154642870566075
0.05153152274303307
0.05151674807669798
0.05150210368008901
0.05148758853337227
0.05147320162341464
0.05145894194375192
0.051444808494557036
0.051430800282608304
0.05141691632125768
0.05140315563039913
0.05138951723643696
0.051376000172254244
0.05136260347718127
0.05134932619696405
0.05133616738373284
0.051323126095970756
0.051310201398482407
0.051297392362362575
0.051284698064964954
0.05127211758987096
0.05125965002685853
0.0512472944718711
0.05123505002698644
0.05122291580038575
0.051210890906322706
0.051198974465092535
0.051187165603001246
0.05117546345233482
0.05116386715132855
0.051152375844136365
0.051140988680800255
0.05112970481721976
0.05111852341512152
0.05110744364202886
0.0510964646712315
0.05108558568175526
0.05107480585833189
0.05106412439136894
0.05105354047691969
0.051043053316653195
0.05103266211782434
0.051022366093244
0.05101216446124928
0.05100205644567377
0.05099204127581799
0.050982118186419755
0.050972286417624746
0.050962545214957085
0.050952893829290025
0.05094333151681664
0.05093385753902074
0.05092447116264767
0.050915171659675386
0.050905958307285434
0.050896830387834144
0.05088778718882382
0.050878828002874056
0.050869952127693095
0.05086115886604933
0.050852447525742805
0.05084381741957687
0.05083526786532991
0.050826798185727086
0.05081840770841229
0.050810095765920056
0.05080186169564763
0.05079370483982711
0.05078562454549769
0.05077762016447793
0.0507696910533382
0.050761836573373145
0.050754056090574276
0.050746348975602616
0.050738714603761476
0.05073115235496929
0.05072366161373257
0.05071624176911889
0.050708892214730045
0.050701612348675255
0.050694401573544434
0.050687259296381626
0.05068018492865845
0.05067317788624772
0.05066623758939707
0.050659363462702764
0.05065255493508351
0.05064581143975446
0.050639132414201225
0.05063251730015401
0.050625965543561885
0.050619476594567094
0.050613049907479474
0.050606684940751004
0.050600381156950404
0.050594138022737864
0.050587955008839836
0.05058183159002397
0.0505757672450741
0.05056976145676535
0.050563813711839344
0.05055792350097949
0.05055209031878639
0.0505463136637533
0.050540593038241786
0.05053492794845735
0.05052931790442523
0.05052376241996634
0.05051826101267317
0.05051281320388594
0.050507418518668745
0.05050207648578586
0.05049678663767811
0.05049154851043933
0.05048636164379298
0.05048122558106882
0.050476139869179676
0.0504711040585983
0.050466117703334396
0.05046118036091166
0.050456291592344965
0.050451450962117665
0.05044665803815892
0.050441912391821234
0.050437213597857994
0.05043256123440116
0.05042795488293903
0.050423394128294156
0.05041887855860127
0.0504144077652854
0.05040998134304003
0.050405598889805406
0.05040126000674687
0.050396964298233364
0.050392711371816036
0.050388500838206854
0.050384332311257454
0.05038020540793797
0.05037611974831603
0.05037207495553584
0.050368070655797355
0.050364106478335564
0.05036018205539986
0.05035629702223353
0.0503524510170533
0.05034864368102907
0.05034487465826363
0.050341143595772575
0.05033745014346427
0.0503337939541199
0.05033017468337369
0.05032659198969313
0.05032304553435938
0.05031953498144772
0.05031605999780812
0.050312620253045906
0.050309215419502555
0.0503058451722365
0.05030250918900413
0.05029920715024086
0.05029593873904225
0.050292703641145284
0.05028950154490972
0.05028633214129954
0.05028319512386446
0.05028009018872166
0.05027701703453742
0.05027397536250903
0.05027096487634669
0.05026798528225556
0.050265036288917854
0.0502621176074751
0.050259228951510436
0.05025637003703102
0.05025354058245054
0.05025074030857183
0.05024796893856956
0.050245226197973024
0.05024251181464904
0.050239825518784906
0.05023716704287151
0.05023453612168649
0.05023193249227747
0.050229355893945456
0.050226806068228255
0.050224282758884055
0.05022178571187501
0.05021931467535102
0.05021686939963351
0.050214449637199385
0.05021205514266498
0.05020968567277022
0.05020734098636275
0.05020502084438226
0.050202725009844816
0.05020045324782734
0.050198205325452175
0.050195981011871685
0.05019378007825302
0.05019160229776293
0.050189447445552655
0.05018731529874296
0.05018520563640916
0.050183118239566366
0.0501810528911547
0.05017900937602468
0.05017698748092262
0.05017498699447618
0.050173007707179994
0.05017104941138133
0.050169111901265905
0.05016719497284377
0.05016529842393523
0.05016342205415692
0.05016156566490792
0.050159729059355965
0.05015791204242377
0.05015611442077539
0.05015433600280268
0.0501525765986119
0.05015083602001027
0.05014911408049275
0.050147410595228835
0.05014572538104941
0.05014405825643375
0.05014240904149653
0.05014077755797501
0.050139163629216194
0.05013756708016415
0.050135987737347384
0.05013442542886629
0.050132879984380686
0.05013135123509742
0.05012983901375807
0.05012834315462673
0.050126863493477836
0.05012539986758413
0.05012395211570464
0.05012252007807278
0.050121103596384504
0.05011970251378658
0.050118316674864855
0.05011694592563271
0.0501155901135195
0.050114249087359085
0.050112922697378506
0.050111610795186626
0.05011031323376296
0.05010902986744647
0.05010776055192453
0.050106505144221915
0.05010526350268985
0.05010403548699519
0.05010282095810961
0.05010161977829891
0.05010043181111236
0.05009925692137217
0.05009809497516296
0.05009694583982137
0.05009580938392568
0.05009468547728557
0.05009357399093186
0.05009247479710642
0.05009138776925207
0.05009031278200259
0.0500892497111728
0.050088198433748676
0.050087158827877586
0.05008613077285854
0.050085114149132554
0.05008410883827303
0.05008311472297629
0.05008213168705204
0.05008115961541407
0.05008019839407086
0.050079247910116365
0.05007830805172081
0.05007737870812157
0.05007645976961409
0.05007555112754292
0.050074652674292744
0.050073764303279575
0.050072885908941864
0.05007201738673184
0.05007115863310678
0.05007030954552041
0.050069470022414346
0.050068639963209635
0.05006781926829826
0.05006700783903484
0.05006620557772827
0.05006541238763352
0.050064628172943396
0.05006385283878046
0.05006308629118894
0.05006232843712673
0.05006157918445742
0.05006083844194246
0.05006010611923326
0.05005938212686347
0.05005866637624122
0.05005795877964152
0.05005725925019859
0.050056567701898376
0.05005588404957102
0.05005520820888345
0.050054540096332006
0.05005387962923509
0.05005322672572595
0.05005258130474543
0.050051943286034815
0.05005131259012877
0.050050689138348245
0.0500500728527935
0.05004946365633716
0.050048861472617355
0.05004826622603085
0.05004767784172626
0.050047096245597354
0.05004652136427636
0.05004595312512732
0.05004539145623955
0.05004483628642106
0.05004428754519216
0.05004374516277896
0.05004320907010703
0.05004267919879508
0.050042155481148674
0.050041637850153996
0.050041126239471705
0.05004062058343076
0.050040120817022395
0.050039626875894014
0.050039138696343285
0.05003865621531214
0.05003817937038092
0.05003770809976252
0.050037242342296576
0.05003678203744374
0.050036327125279965
0.05003587754649083
0.050035433242365944
0.050034994154793365
0.050034560226254084
0.05003413139981652
0.050033707619131125
0.05003328882842495
0.05003287497249631
0.050032465996709505
0.0500320618469895
0.05003166246981675
0.05003126781222202
0.05003087782178122
0.050030492446610335
0.05003011163536036
0.0500297353372123
0.050029363501872204
0.0500289960795662
0.05002863302103566
0.05002827427753231
0.05002791980081344
0.05002756954313712
0.050027223457257505
0.050026881496420095
0.05002654361435713
0.05002620976528294
0.05002587990388941
0.0500255539853414
0.05002523196527229
0.050024913799779476
0.050024599445419995
0.050024288859206095
0.05002398199860092
0.05002367882151416
0.05002337928629782
0.05002308335174194
0.05002279097707042
0.05002250212193683
0.0500222167464203
0.05002193481102139
0.050021656276658055
0.0500213811046616
0.0500211092567727
0.05002084069513742
0.050020575382303305
0.05002031328121549
0.05002005435521282
0.05001979856802405
0.050019545883764026
0.050019296266929955
0.05001904968239764
0.050018806095417825
0.050018565471612486
0.05001832777697125
0.050018092977847754
0.05001786104095609
0.05001763193336727
0.050017405622505715
0.05001718207614579
0.05001696126240833
0.05001674314975726
0.050016527706996175
0.05001631490326502
0.050016104708036725
0.05001589709111393
0.050015692022625735
0.0500154894730244
0.05001528941308221
0.05001509181388824
0.05001489664684521
0.05001470388366639
0.050014513496372454
0.05001432545728845
0.05001413973904073
0.05001395631455396
0.05001377515704809
0.050013596240035464
0.050013419537317784
0.050013245022983294
0.05001307267140385
0.050012902457232056
0.05001273435539847
0.05001256834110877
0.050012404389840975
0.0500122424773427
0.05001208257962843
0.050011924672976785
0.05001176873392788
0.050011614739280646
0.0500114626660902
0.05001131249166524
0.05001116419356545
0.05001101774959897
0.05001087313781982
0.050010730336525415
0.05001058932425405
0.05001045007978247
0.050010312582123385
0.05001017681052306
0.050010042744458943
0.05000991036363725
0.05000977964799061
0.05000965057767577
0.05000952313307124
0.05000939729477503
0.05000927304360236
0.05000915036058344
0.05000902922696121
0.050008909624189156
0.05000879153392912
0.05000867493804913
0.05000855981862125
0.05000844615791948
0.05000833393841763
0.05000822314278724
0.050008113753895495
0.050008005754803235
0.05000789912876288
0.05000779385921641
0.05000768992979344
0.050007587324309204
0.0500074860267626
0.0500073860213343
0.05000728729238479
0.050007189824452486
0.05000709360225189
0.0500069986106717
0.05000690483477296
0.05000681225978726
0.05000672087111494
0.05000663065432326
0.05000654159514466
0.05000645367947498
0.05000636689337178
0.05000628122305255
0.05000619665489303
0.05000611317542554
0.05000603077133729
0.050005949429468746
0.05000586913681195
0.050005789880508945
0.05000571164785014
0.05000563442627273
0.050005558203359106
0.050005482966835296
0.05000540870456946
0.050005335404570285
0.050005263054985545
0.05000519164410056
0.050005121160336716
0.05000505159224999
0.050004982928529514
0.05000491515799611
0.050004848269600895
0.05000478225242381
0.05000471709567227
0.05000465278867979
0.05000458932090455
0.05000452668192809
0.050004464861453955
0.05000440384930634
0.05000434363542882
0.050004284209882996
0.05000422556284721
0.05000416768461531
0.05000411056559533
0.050004054196308274
0.050003998567386854
0.05000394366957426
0.05000388949372297
0.05000383603079352
0.05000378327185333
0.0500037312080755
0.050003679830737675
0.05000362913122087
0.050003579101008326
0.050003529731684385
0.05000348101493336
0.050003432942538444
0.050003385506380574
0.050003338698437406
0.050003292510782164
0.05000324693558264
0.0500032019651001
0.05000315759168827
0.05000311380779226
0.0500030706059476
0.05000302797877918
0.05000298591900028
0.05000294441941156
0.05000290347290008
0.05000286307243836
0.050002823211083375
0.05000278388197563
0.050002745078338226
0.0500027067934759
0.050002669020774146
0.05000263175369826
0.05000259498579247
0.05000255871067904
0.05000252292205735
0.05000248761370307
0.050002452779467285
0.05000241841327561
0.05000238450912736
0.05000235106109475
0.05000231806332198
0.05000228551002449
0.05000225339548813
0.050002221714068346
0.05000219046018937
0.050002159628343465
0.05000212921309014
0.05000209920905536
0.0500020696109308
0.0500020404134731
0.0500020116115031
0.0500019831999051
0.05000195517362615
0.05000192752767533
0.05000190025712299
0.05000187335710011
0.05000184682279755
0.05000182064946537
0.05000179483241217
0.05000176936700436
0.050001744248665554
0.050001719472875863
0.050001695035171254
0.0500016709311429
0.05000164715643653
0.050001623706751805
0.050001600577841705
0.05000157776551186
0.05000155526562
0.05000153307407528
0.05000151118683773
0.050001489599917646
0.05000146830937498
0.05000144731131879
0.050001426601906644
0.05000140617734406
0.05000138603388395
0.050001366167826036
0.05000134657551632
0.050001327253346536
0.05000130819775363
0.050001289405219175
0.0500012708722689
0.05000125259547214
0.05000123457144132
0.05000121679683146
0.05000119926833965
0.050001181982704576
0.050001164936706
0.05000114812716429
0.05000113155093994
0.05000111520493307
0.05000109908608299
0.0500010831913677
0.05000106751780345
0.050001052062444255
0.0500010368223815
0.05000102179474343
0.05000100697669474
0.050000992365436155
0.05000097795820395
0.05000096375226957
0.05000094974493919
0.050000935933553294
0.05000092231548628
0.05000090888814601
0.05000089564897346
0.050000882595442296
0.05000086972505847
0.050000857035359836
0.050000844523915795
0.050000832188326856
0.05000082002622432
0.05000080803526986
0.05000079621315517
0.05000078455760161
0.050000773066359847
0.05000076173720947
0.05000075056795868
0.05000073955644389
0.05000072870052945
0.05000071799810723
0.050000707447096344
0.0500006970454428
0.05000068679111915
0.0500006766821242
0.05000066671648265
0.05000065689224482
0.05000064720748629
0.050000637660307636
0.0500006282488341
0.050000618971215265
0.0500006098256248
0.05000060081026014
0.05000059192334219
0.05000058316311504
0.050000574527845676
0.05000056601582372
0.05000055762536111
0.05000054935479186
0.05000054120247177
0.05000053316677815
0.05000052524610957
0.05000051743888558
0.05000050974354647
0.050000502158553006
0.05000049468238614
0.05000048731354681
0.05000048005055567
0.050000472891952835
0.05000046583629765
0.05000045888216845
0.050000452028162314
0.050000445272894836
0.050000438614999906
0.05000043205312945
0.05000042558595324
0.05000041921215863
0.050000412930450384
0.05000040673955041
0.05000040063819758
0.05000039462514749
0.050000388699172275
0.050000382859060374
0.05000037710361634
0.05000037143166065
0.050000365842029465
0.050000360333574474
0.05000035490516266
0.05000034955567614
0.05000034428401195
0.05000033908908187
0.05000033396981223
0.050000328925143715
0.050000323954031214
0.050000319055443596
0.050000314228363575
0.0500003094717875
0.050000304784725204
0.050000300166199815
0.0500002956152476
0.05000029113091779
0.050000286712272426
0.050000282358386154
0.050000278068346136
0.05000027384125181
0.0500002696762148
0.050000265572358704
0.05000026152881899
0.050000257544742806
0.05000025361928885
0.050000249751627215
0.05000024594093923
0.05000024218641734
0.05000023848726495
0.05000023484269628
0.05000023125193622
0.05000022771422022
0.05000022422879412
0.05000022079491402
0.05000021741184619
0.05000021407886687
0.05000021079526219
0.05000020756032803
0.05000020437336989
0.050000201233702746
0.05000019814065097
0.05000019509354818
0.0500001920917371
0.050000189134569495
0.050000186221406
0.05000018335161603
0.05000018052457767
0.05000017773967754
0.050000174996310716
0.05000017229388057
0.050000169631798715
0.050000167009484855
0.05000016442636672
0.050000161881879904
0.05000015937546782
0.050000156906581564
0.050000154474679814
0.05000015207922874
0.05000014971970191
0.05000014739558018
0.050000145106351604
0.050000142851511324
0.050000140630561504
0.050000138443011224
0.05000013628837637
0.050000134166179586
0.05000013207595014
0.05000013001722386
0.050000127989543036
0.05000012599245635
0.05000012402551878
0.050000122088291514
0.05000012018034186
0.0500001183012432
0.050000116450574866
0.050000114627922074
0.05000011283287586
0.050000111065032986
0.05000010932399587
0.05000010760937253
0.05000010592077645
0.05000010425782657
0.05000010262014719
0.05000010100736788
0.050000099419123444
0.05000009785505381
0.050000096314804
0.05000009479802404
0.05000009330436888
0.050000091833498364
0.050000090385077134
0.05000008895877457
0.050000087554264744
0.05000008617122633
0.05000008480934256
0.050000083468301156
0.05000008214779427
0.05000008084751843
0.05000007956717447
0.05000007830646747
0.050000077065106716
0.05000007584280563
0.050000074639281696
0.05000007345425645
0.05000007228745539
0.050000071138607924
0.05000007000744733
0.050000068893710684
0.05000006779713884
0.05000006671747635
0.05000006565447142
0.05000006460787586
0.050000063577445034
0.05000006256293783
0.050000061564116585
0.05000006058074704
0.05000005961259832
0.050000058659442854
0.05000005772105635
0.05000005679721774
0.05000005588770915
0.05000005499231584
0.05000005411082617
0.05000005324303154
0.05000005238872638
0.05000005154770808
0.05000005071977695
0.05000004990473622
0.05000004910239194
0.05000004831255297
0.05000004753503095
0.050000046769640254
0.05000004601619794
0.050000045274523716
0.05000004454443994
0.05000004382577151
0.050000043118345903
0.0500000424219931
0.05000004173654555
0.05000004106183814
0.05000004039770819
0.05000003974399536
0.05000003910054168
0.05000003846719147
0.05000003784379133
0.05000003723019011
0.05000003662623886
0.05000003603179081
0.05000003544670136
0.050000034870828027
0.05000003430403039
0.05000003374617012
0.05000003319711091
0.05000003265671845
0.05000003212486042
0.05000003160140643
0.05000003108622802
0.05000003057919862
0.05000003008019353
0.05000002958908989
0.05000002910576663
0.05000002863010452
0.05000002816198603
0.05000002770129541
0.05000002724791861
0.05000002680174327
0.0500000263626587
0.05000002593055583
0.05000002550532723
0.050000025086867045
0.050000024675071024
0.05000002426983643
0.05000002387106206
0.050000023478648244
0.050000023092496765
0.050000022712510875
0.05000002233859528
0.050000021970656096
0.05000002160860085
0.05000002125233843
0.0500000209017791
0.05000002055683448
0.05000002021741747
0.05000001988344232
0.05000001955482453
0.05000001923148088
0.050000018913329405
0.05000001860028935
0.050000018292281186
0.05000001798922658
0.050000017691048365
0.05000001739767055
0.05000001710901827
0.05000001682501779
0.05000001654559651
0.05000001627068288
0.050000016000206475
0.0500000157340979
0.05000001547228883
0.05000001521471195
0.050000014961300986
0.05000001471199064
0.05000001446671663
0.05000001422541564
0.05000001398802529
0.050000013754484166
0.050000013524731796
0.0500000132987086
0.05000001307635593
0.050000012857616
0.05000001264243193
0.050000012430747684
0.0500000122225081
0.05000001201765883
0.05000001181614638
0.05000001161791805
0.050000011422921965
0.050000011231107026
0.050000011042422916
0.050000010856820105
0.0500000106742498
0.05000001049466395
0.05000001031801527
0.05000001014425717
0.050000009973343786
0.05000000980522996
0.05000000963987122
0.05000000947722378
0.05000000931724453
0.05000000915989101
0.050000009005121436
0.05000000885289465
0.050000008703170125
0.05000000855590797
0.050000008411068914
0.05000000826861426
0.050000008128505954
0.050000007990706495
0.05000000785517897
0.05000000772188704
0.05000000759079494
0.05000000746186743
0.05000000733506984
0.05000000721036803
0.050000007087728386
0.05000000696711782
0.05000000684850375
0.05000000673185412
0.05000000661713735
0.050000006504322354
0.05000000639337854
0.05000000628427579
0.05000000617698445
0.050000006071475325
0.05000000596771969
0.05000000586568925
0.05000000576535617
0.050000005666693034
0.050000005569672865
0.0500000054742691
0.050000005380455605
0.05000000528820664
0.050000005197496866
0.050000005108301354
0.05000000502059557
0.050000004934355344
0.050000004849556905
0.05000000476617685
0.050000004684192134
0.05000000460358009
0.05000000452431839
0.050000004446385075
0.05000000436975852
0.050000004294417456
0.05000000422034093
0.050000004147508326
0.05000000407589936
0.05000000400549406
0.05000000393627278
0.050000003868216174
0.05000000380130521
0.05000000373552115
0.05000000367084557
0.050000003607260306
0.05000000354474751
0.05000000348328961
0.05000000342286931
0.05000000336346959
0.05000000330507369
0.05000000324766515
0.05000000319122772
0.050000003135745465
0.050000003081202664
0.05000000302758385
0.05000000297487383
0.050000002923057625
0.0500000028721205
0.05000000282204797
0.05000000277282577
0.050000002724439864
0.05000000267687644
0.050000002630121915
0.05000000258416291
0.05000000253898627
0.050000002494579046
0.050000002450928505
0.05000000240802211
0.05000000236584753
0.05000000232439263
0.05000000228364547
0.0500000022435943
0.05000000220422757
0.050000002165533894
0.050000002127502094
0.05000000209012116
0.05000000205338026
0.05000000201726874
0.05000000198177611
0.05000000194689205
0.05000000191260643
0.05000000187890925
0.050000001845790704
0.050000001813241116
0.050000001781250976
0.050000001749810945
0.050000001718911814
0.05000000168854453
0.050000001658700194
0.050000001629370044
0.05000000160054546
0.05000000157221797
0.05000000154437923
0.05000000151702104
0.05000000149013532
0.050000001463714146
0.05000000143774969
0.0500000014122343
0.05000000138716039
0.05000000136252054
0.05000000133830744
0.050000001314513896
0.05000000129113283
0.05000000126815729
0.050000001245580426
0.05000000122339551
0.05000000120159592
0.05000000118017514
0.05000000115912677
0.050000001138444494
0.05000000111812213
0.05000000109815358
0.050000001078532835
0.05000000105925401
0.0500000010403113
0.050000001021699006
0.050000001003411516
0.05000000098544331
0.05000000096778896
0.05000000095044314
0.05000000093340058
0.05000000091665614
0.05000000090020473
0.05000000088404136
0.050000000868161115
0.05000000085255918
0.05000000083723079
0.050000000822171285
0.050000000807376065
0.050000000792840615
0.050000000778560504
0.05000000076453135
0.05000000075074886
0.050000000737208825
0.050000000723907076
0.05000000071083953
0.05000000069800217
0.05000000068539106
0.0500000006730023
0.05000000066083208
0.05000000064887664
0.050000000637132294
0.050000000625595405
0.05000000061426241
0.05000000060312979
0.0500000005921941
0.05000000058145195
0.0500000005709
0.050000000560534955
0.050000000550353606
0.05000000054035278
0.050000000530529345
0.05000000052088025
0.05000000051140248
0.05000000050209306
0.05000000049294909
0.05000000048396768
0.05000000047514604
0.05000000046648139
0.05000000045797101
0.050000000449612225
0.05000000044140239
0.05000000043333893
0.05000000042541931
0.050000000417641
0.05000000041000157
0.05000000040249859
0.050000000395129696
0.05000000038789254
0.05000000038078483
0.05000000037380431
0.05000000036694876
0.050000000360216
0.050000000353603885
0.05000000034711031
0.0500000003407332
0.050000000334470523
0.05000000032832027
0.05000000032228048
0.050000000316349213
0.050000000310524574
0.050000000304804684
0.05000000029918772
0.05000000029367187
0.050000000288255346
0.05000000028293643
0.050000000277713376
0.05000000027258453
0.05000000026754821
0.0500000002626028
0.0500000002577467
0.050000000252978336
0.05000000024829616
0.050000000243698654
0.05000000023918432
0.0500000002347517
0.05000000023039934
0.05000000022612583
0.050000000221929776
0.05000000021780981
0.05000000021376457
0.05000000020979276
0.05000000020589306
0.0500000002020642
0.05000000019830493
0.05000000019461401
0.05000000019099022
0.05000000018743238
0.05000000018393932
0.050000000180509874
0.05000000017714293
0.050000000173837364
0.05000000017059209
0.050000000167406036
0.05000000016427815
0.050000000161207384
0.050000000158192726
0.050000000155233176
0.05000000015232776
0.05000000014947549
0.05000000014667544
0.05000000014392666
0.05000000014122825
0.05000000013857929
0.050000000135978905
0.05000000013342623
0.05000000013092041
0.0500000001284606
0.050000000126045975
0.05000000012367573
0.050000000121349066
0.0500000001190652
0.05000000011682336
0.0500000001146228
0.05000000011246277
0.05000000011034254
0.05000000010826141
0.05000000010621866
0.0500000001042136
0.050000000102245555
0.05000000010031386
0.05000000009841785
0.0500000000965569
0.05000000009473036
0.050000000092937605
0.05000000009117804
0.05000000008945106
0.05000000008775607
0.0500000000860925
0.05000000008445977
0.05000000008285733
0.05000000008128463
0.05000000007974113
0.0500000000782263
0.050000000076739624
0.05000000007528058
0.05000000007384868
0.05000000007244343
0.05000000007106433
0.05000000006971092
0.050000000068382726
0.05000000006707929
0.05000000006580016
0.05000000006454489
0.05000000006331306
0.05000000006210423
0.05000000006091798
0.050000000059753906
0.05000000005861159
0.05000000005749065
0.05000000005639068
0.05000000005531131
0.050000000054252154
0.05000000005321285
0.050000000052193024
0.050000000051192324
0.0500000000502104
0.050000000049246915
0.050000000048301525
0.05000000004737389
0.0500000000464637
0.05000000004557061
0.050000000044694334
0.05000000004383455
0.05000000004299095
0.05000000004216324
0.050000000041351134
0.050000000040554334
0.05000000003977256
0.05000000003900555
0.050000000038253015
0.05000000003751469
0.05000000003679031
0.05000000003607963
0.05000000003538239
0.05000000003469834
0.05000000003402723
0.05000000003336883
0.05000000003272291
0.05000000003208922
0.050000000031467554
0.05000000003085768
0.050000000030259374
0.05000000002967243
0.05000000002909663
0.05000000002853177
0.05000000002797765
0.050000000027434065
0.050000000026900825
0.050000000026377736
0.050000000025864605
0.05000000002536125
0.050000000024867486
0.05000000002438314
0.050000000023908024
0.05000000002344198
0.05000000002298483
0.05000000002253642
0.05000000002209657
0.05000000002166513
0.05000000002124194
0.05000000002082684
0.050000000020419696
0.05000000002002034
0.05000000001962864
0.05000000001924444
0.05000000001886761
0.05000000001849801
0.0500000000181355
0.05000000001777995
0.050000000017431226
0.0500000000170892
0.050000000016753754
0.05000000001642475
0.05000000001610209
0.050000000015785626
0.05000000001547526
0.050000000015170874
0.050000000014872356
0.05000000001457959
0.050000000014292466
0.050000000014010886
0.050000000013734745
0.05000000001346393
0.05000000001319835
0.050000000012937904
0.05000000001268249
0.05000000001243202
0.0500000000121864
0.05000000001194553
0.050000000011709324
0.050000000011477704
0.050000000011250566
0.050000000011027834
0.050000000010809426
0.05000000001059526
0.050000000010385244
0.05000000001017931
0.050000000009977376
0.050000000009779375
0.050000000009585224
0.05000000000939485
0.05000000000920818
0.050000000009025145
0.05000000000884568
0.05000000000866971
0.050000000008497164
0.050000000008327994
0.05000000000816212
0.050000000007999486
0.05000000000784003
0.05000000000768369
0.05000000000753041
0.05000000000738012
0.05000000000723277
0.05000000000708831
0.050000000006946675
0.05000000000680782
0.05000000000667168
0.05000000000653821
0.05000000000640736
0.05000000000627908
0.05000000000615331
0.05000000000603001
0.05000000000590914
0.05000000000579064
0.05000000000567447
0.05000000000556059
0.05000000000544895
0.0500000000053395
0.05000000000523221
0.05000000000512704
0.05000000000502394
0.05000000000492287
0.0500000000048238
0.05000000000472668
0.05000000000463148
0.05000000000453816
0.05000000000444668
0.05000000000435701
0.050000000004269116
0.050000000004182955
0.05000000000409851
0.05000000000401573
0.05000000000393459
0.05000000000385506
0.050000000003777106
0.050000000003700695
0.050000000003625804
0.0500000000035524
0.05000000000348045
0.050000000003409935
0.050000000003340817
0.05000000000327307
0.05000000000320668
0.0500000000031416
0.050000000003077825
0.05000000000301531
0.050000000002954056
0.050000000002894014
0.050000000002835165
0.050000000002777496
0.05000000000272098
0.050000000002665586
0.050000000002611296
0.050000000002558095
0.050000000002505963
0.050000000002454865
0.050000000002404794
0.05000000000235572
0.050000000002307636
0.050000000002260514
0.05000000000221433
0.05000000000216907
0.05000000000212473
0.05000000000208127
0.050000000002038684
0.050000000001996954
0.05000000000195606
0.05000000000191599
0.05000000000187673
0.050000000001838255
0.05000000000180055
0.05000000000176361
0.05000000000172741
0.05000000000169194
0.050000000001657184
0.050000000001623135
0.050000000001589766
0.05000000000155707
0.05000000000152504
0.050000000001493655
0.0500000000014629
0.050000000001432766
0.05000000000140325
0.05000000000137432
0.05000000000134598
0.05000000000131821
0.05000000000129101
0.05000000000126436
0.05000000000123824
0.05000000000121266
0.050000000001187594
0.05000000000116304
0.05000000000113898
0.050000000001115416
0.05000000000109232
0.0500000000010697
0.05000000000104754
0.05000000000102583
0.05000000000100456
0.05000000000098372
0.050000000000963316
0.05000000000094332
0.05000000000092373
0.05000000000090454
0.050000000000885746
0.05000000000086733
0.050000000000849296
0.05000000000083162
0.05000000000081432
0.05000000000079736
0.05000000000078075
0.05000000000076448
0.05000000000074855
0.05000000000073294
0.05000000000071765
0.05000000000070267
0.050000000000688
0.05000000000067364
0.05000000000065956
0.05000000000064578
0.050000000000632275
0.05000000000061905
0.050000000000606094
0.05000000000059341
0.05000000000058098
0.05000000000056881
0.05000000000055689
0.05000000000054521
0.05000000000053378
0.05000000000052258
0.050000000000511614
0.05000000000050087
0.05000000000049035
0.05000000000048004
0.05000000000046995
0.05000000000046007
0.05000000000045039
0.050000000000440914
0.05000000000043163
0.05000000000042254
0.05000000000041364
0.05000000000040492
0.05000000000039639
0.050000000000388026
0.05000000000037984
0.050000000000371816
0.05000000000036397
0.05000000000035628
0.05000000000034875
0.050000000000341376
0.05000000000033416
0.05000000000032709
0.05000000000032016
0.050000000000313384
0.05000000000030675
0.05000000000030025
0.050000000000293886
0.050000000000287655
0.05000000000028155
0.050000000000275574
0.050000000000269725
0.050000000000264
0.05000000000025839
0.0500000000002529
0.05000000000024752
0.05000000000024226
0.050000000000237105
0.05000000000023205
0.05000000000022711
0.050000000000222276
0.050000000000217544
0.0500000000002129
0.050000000000208364
0.05000000000020392
0.050000000000199565
0.050000000000195305
0.050000000000191135
0.050000000000187055
0.05000000000018306
0.050000000000179144
0.05000000000017531
0.05000000000017156
0.05000000000016789
0.050000000000164295
0.05000000000016077
0.05000000000015733
0.050000000000153956
0.05000000000015065
0.05000000000014742
0.050000000000144255
0.05000000000014116
0.05000000000013813
0.050000000000135165
0.05000000000013226
0.05000000000012941
0.05000000000012663
0.050000000000123904
0.05000000000012124
0.05000000000011863
0.05000000000011608
0.05000000000011357
0.05000000000011112
0.05000000000010873
0.05000000000010638
0.050000000000104086
0.05000000000010184
0.05000000000009964
0.05000000000009749
0.050000000000095385
0.05000000000009332
0.0500000000000913
0.05000000000008933
0.05000000000008739
0.0500000000000855
0.05000000000008365
0.05000000000008183
0.050000000000080064
0.05000000000007833
0.05000000000007663
0.050000000000074964
0.05000000000007334
0.050000000000071744
0.05000000000007018
0.05000000000006866
0.05000000000006717
0.05000000000006571
0.05000000000006428
0.050000000000062876
0.05000000000006151
0.05000000000006017
0.05000000000005886
0.050000000000057575
0.05000000000005632
0.05000000000005509
0.05000000000005389
0.05000000000005272
0.050000000000051566
0.050000000000050435
0.05000000000004934
0.050000000000048256
0.0500000000000472
0.05000000000004617
0.05000000000004516
0.05000000000004417
0.050000000000043204
0.050000000000042254
0.05000000000004133
0.05000000000004042
0.05000000000003954
0.05000000000003867
0.05000000000003782
0.050000000000036994
0.05000000000003618
0.050000000000035384
0.05000000000003461
0.050000000000033844
0.0500000000000331
0.05000000000003237
0.05000000000003166
0.050000000000030964
0.050000000000030284
0.05000000000002962
0.05000000000002896
0.05000000000002832
0.050000000000027696
0.050000000000027085
0.05000000000002649
0.050000000000025906
0.05000000000002533
0.050000000000024775
0.050000000000024226
0.05000000000002369
0.050000000000023165
0.05000000000002265
0.05000000000002215
0.05000000000002166
0.05000000000002118
0.05000000000002071
0.05000000000002025
0.050000000000019806
0.05000000000001936
0.05000000000001893
0.050000000000018516
0.0500000000000181
0.050000000000017704
0.05000000000001731
0.05000000000001692
0.050000000000016545
0.05000000000001618
0.050000000000015817
0.05000000000001546
0.05000000000001512
0.05000000000001478
0.050000000000014456
0.05000000000001413
0.05000000000001382
0.05000000000001351
0.05000000000001321
0.050000000000012916
0.050000000000012625
0.05000000000001234
0.05000000000001207
0.0500000000000118
0.050000000000011535
0.05000000000001128
0.05000000000001102
0.05000000000001078
0.050000000000010536
0.0500000000000103
0.05000000000001007
0.05000000000000984
0.05000000000000962
0.050000000000009405
0.0500000000000092
0.05000000000000899
0.05000000000000879
0.050000000000008586
0.0500000000000084
0.050000000000008205
0.050000000000008024
0.050000000000007844
0.05000000000000766
0.05000000000000749
0.05000000000000732
0.05000000000000716
0.050000000000007
0.05000000000000684
0.050000000000006685
0.05000000000000653
0.05000000000000639
0.05000000000000624
0.0500000000000061
0.05000000000000596
0.05000000000000583
0.0500000000000057
0.05000000000000557
0.05000000000000544
0.05000000000000532
0.0500000000000052
0.05000000000000508
0.050000000000004964
0.05000000000000485
0.05000000000000474
0.05000000000000464
0.050000000000004534
0.05000000000000443
0.050000000000004326
0.05000000000000423
0.05000000000000413
0.05000000000000404
0.05000000000000395
0.05000000000000386
0.05000000000000377
0.05000000000000369
0.0500000000000036
0.05000000000000352
0.05000000000000344
0.05000000000000336
0.050000000000003285
0.05000000000000321
0.05000000000000313
0.05000000000000306
0.05000000000000299
0.050000000000002924
0.05000000000000286
0.05000000000000279
0.05000000000000273
0.05000000000000267
0.050000000000002605
0.05000000000000255
0.05000000000000249
0.05000000000000243
0.050000000000002376
0.05000000000000232
0.050000000000002265
0.050000000000002216
0.05000000000000217
0.05000000000000212
0.05000000000000207
0.05000000000000202
0.05000000000000197
0.050000000000001925
0.05000000000000188
0.05000000000000184
0.0500000000000018
0.05000000000000176
0.05000000000000172
0.050000000000001675
0.05000000000000164
0.0500000000000016
0.050000000000001564
0.05000000000000153
0.050000000000001495
0.05000000000000146
0.050000000000001425
0.05000000000000139
0.05000000000000136
0.05000000000000133
0.0500000000000013
0.050000000000001266
0.05000000000000124
0.05000000000000121
0.05000000000000118
0.050000000000001155
0.05000000000000113
0.0500000000000011
0.05000000000000108
0.05000000000000105
0.05000000000000103
0.050000000000001
0.05000000000000098
0.05000000000000096
0.05000000000000093
0.05000000000000091
0.05000000000000089
0.05000000000000087
0.05000000000000085
0.05000000000000083
0.050000000000000815
0.050000000000000794
0.05000000000000077
0.05000000000000076
0.05000000000000074
0.050000000000000724
0.050000000000000704
0.05000000000000069
0.050000000000000676
0.050000000000000655
0.05000000000000064
0.05000000000000063
0.05000000000000061
