s07_AV14 Record=5596: Concrete WTC01-37A           ASDFRa AREF
 3.6179247e-001
 3.7489992e-001
 3.8832006e-001
 4.0056008e-001
 4.1101176e-001
 4.1976520e-001
 4.2850173e-001
 4.3813324e-001
 4.4672579e-001
 4.5494980e-001
 4.6230981e-001
 4.6893683e-001
 4.7533238e-001
 4.8194534e-001
 4.8858541e-001
 4.9505249e-001
 5.0137752e-001
 5.0765216e-001
 5.1393998e-001
 5.2003443e-001
 5.2589560e-001
 5.3136319e-001
 5.3606355e-001
 5.3997362e-001
 5.4344445e-001
 5.4634976e-001
 5.4881257e-001
 5.5087548e-001
 5.5271029e-001
 5.5450946e-001
 5.5614853e-001
 5.5753917e-001
 5.5578619e-001
 5.5722988e-001
 5.5860293e-001
 5.5999619e-001
 5.6130916e-001
 5.6248832e-001
 5.6353855e-001
 5.6451273e-001
 5.6541383e-001
 5.6615537e-001
 5.6681287e-001
 5.6732720e-001
 5.6765723e-001
 5.6786799e-001
 5.6805670e-001
 5.6807441e-001
 5.6801724e-001
 5.6785661e-001
 5.6765777e-001
 5.6734556e-001
 5.6700605e-001
 5.6660187e-001
 5.6617975e-001
 5.6569910e-001
 5.6522590e-001
 5.6486809e-001
 5.6442678e-001
 5.6401771e-001
 5.6360734e-001
 5.6330121e-001
 5.6287360e-001
 5.6241620e-001
 5.6203842e-001
 5.6166708e-001
 5.6127608e-001
 5.6084287e-001
 5.6095755e-001
 5.6060004e-001
 5.6043774e-001
 5.6019640e-001
 5.5991334e-001
 5.5975395e-001
 5.5946350e-001
 5.5919117e-001
 5.5904114e-001
 5.5896378e-001
 5.5899727e-001
 5.5877370e-001
 5.5876929e-001
 5.5869204e-001
 5.5858177e-001
 5.5838299e-001
 5.5772245e-001
 5.5719066e-001
 5.5669355e-001
 5.5644852e-001
 5.5623448e-001
 5.5610341e-001
 5.5616754e-001
 5.5622697e-001
 5.5624354e-001
 5.5627209e-001
 5.5619055e-001
 5.5605751e-001
 5.5619282e-001
 5.5605751e-001
 5.5585158e-001
 5.5557859e-001
 5.5528265e-001
 5.5493790e-001
 5.5448067e-001
 5.5410349e-001
 5.5352861e-001
 5.5291694e-001
 5.5241323e-001
 5.5188620e-001
 5.5026531e-001
 5.4755348e-001
 5.4374212e-001
 5.3956437e-001
 5.3498095e-001
 5.3161347e-001
 5.2785897e-001
 5.2189869e-001
 5.2289027e-001
 5.2665907e-001
 5.2852899e-001
 5.2925527e-001
 5.2993834e-001
 5.3310943e-001
 5.3544211e-001
 5.3609961e-001
 5.3624201e-001
 5.3693861e-001
 5.3884512e-001
 5.4068863e-001
 5.4197454e-001
 5.4289758e-001
 5.4333347e-001
 5.4391176e-001
 5.4440874e-001
 5.4459989e-001
 5.4475504e-001
 5.4476810e-001
 5.4487419e-001
 5.4464334e-001
 5.4421866e-001
 5.4393238e-001
 5.4308152e-001
 5.4218686e-001
 5.4043299e-001
 5.3803760e-001
 5.3504145e-001
 5.3208184e-001
 5.3053063e-001
 5.3037816e-001
 5.2994210e-001
 5.3004080e-001
 5.3077877e-001
 5.3101569e-001
 5.3136867e-001
 5.3124928e-001
 5.3095812e-001
 5.3010088e-001
 5.2828139e-001
 5.2467978e-001
 5.1832366e-001
 5.1736242e-001
 5.2134305e-001
 5.1169604e-001
 4.9653372e-001
 4.7687536e-001
 4.5500860e-001
 4.3278918e-001
 4.0644845e-001
 3.8255179e-001
 3.8051653e-001
 3.9974275e-001
 4.1399321e-001
 4.2130157e-001
 4.3261081e-001
 4.5016909e-001
 4.6637991e-001
 4.7441760e-001
 4.7955036e-001
 4.8304754e-001
 4.8593307e-001
 4.8754823e-001
 4.8868912e-001
 4.8980668e-001
 4.9016067e-001
 4.8974451e-001
 4.8894411e-001
 4.8792684e-001
 4.8660630e-001
 4.8535034e-001
 4.8361704e-001
 4.8124740e-001
 4.7868112e-001
 4.7614831e-001
 4.7411841e-001
 4.7151244e-001
 4.6822238e-001
 4.6654561e-001
 4.6761683e-001
 4.6878612e-001
 4.6826741e-001
 4.6588206e-001
 4.6346143e-001
 4.6340784e-001
 4.6371558e-001
 4.6228594e-001
 4.6035272e-001
 4.5841914e-001
 4.5659864e-001
 4.5371774e-001
 4.4991660e-001
 4.4639274e-001
 4.4094130e-001
 4.3345645e-001
 4.2438498e-001
 4.1306475e-001
 4.0089020e-001
 3.9114684e-001
 3.8364178e-001
 3.7818256e-001
 3.7395439e-001
 3.6907804e-001
 3.6332041e-001
 3.5738704e-001
 3.5555547e-001
 3.5729313e-001
