0.25
0.2501
0.2502
0.25029999999999997
0.25039999999999996
0.25049999999999994
0.25059999999999993
0.2506999999999999
0.2507999999999999
0.2508999999999999
0.2509999999999999
0.2510999999999999
0.25119999999999987
0.25129999999999986
0.25139999999999985
0.25149999999999983
0.2515999999999998
0.2516999999999998
0.2517999999999998
0.2518999999999998
0.2519999999999998
0.25209999999999977
0.25219999999999976
0.25229999999999975
0.25239999999999974
0.2524999999999997
0.2525999999999997
0.2526999999999997
0.2527999999999997
0.2528999999999997
0.25299999999999967
0.25309999999999966
0.25319999999999965
0.25329999999999964
0.2533999999999996
0.2534999999999996
0.2535999999999996
0.2536999999999996
0.2537999999999996
0.25389999999999957
0.25399999999999956
0.25409999999999955
0.25419999999999954
0.2542999999999995
0.2543999999999995
0.2544999999999995
0.2545999999999995
0.2546999999999995
0.25479999999999947
0.25489999999999946
0.25499999999999945
0.25509999999999944
0.2551999999999994
0.2552999999999994
0.2553999999999994
0.2554999999999994
0.2555999999999994
0.25569999999999937
0.25579999999999936
0.25589999999999935
0.25599999999999934
0.25609999999999933
0.2561999999999993
0.2562999999999993
0.2563999999999993
0.2564999999999993
0.2565999999999993
0.25669999999999926
0.25679999999999925
0.25689999999999924
0.25699999999999923
0.2570999999999992
0.2571999999999992
0.2572999999999992
0.2573999999999992
0.2574999999999992
0.25759999999999916
0.25769999999999915
0.25779999999999914
0.25789999999999913
0.2579999999999991
0.2580999999999991
0.2581999999999991
0.2582999999999991
0.2583999999999991
0.25849999999999906
0.25859999999999905
0.25869999999999904
0.25879999999999903
0.258899999999999
0.258999999999999
0.259099999999999
0.259199999999999
0.259299999999999
0.25939999999999896
0.25949999999999895
0.25959999999999894
0.25969999999999893
0.2597999999999989
0.2598999999999989
0.2599999999999989
0.2600999999999989
0.2601999999999989
0.26029999999999887
0.26039999999999885
0.26049999999999884
0.26059999999999883
0.2606999999999988
0.2607999999999988
0.2608999999999988
0.2609999999999988
0.2610999999999988
0.26119999999999877
0.26129999999999876
0.26139999999999874
0.26149999999999873
0.2615999999999987
0.2616999999999987
0.2617999999999987
0.2618999999999987
0.2619999999999987
0.26209999999999867
0.26219999999999866
0.26229999999999865
0.26239999999999863
0.2624999999999986
0.2625999999999986
0.2626999999999986
0.2627999999999986
0.2628999999999986
0.26299999999999857
0.26309999999999856
0.26319999999999855
0.26329999999999854
0.2633999999999985
0.2634999999999985
0.2635999999999985
0.2636999999999985
0.2637999999999985
0.26389999999999847
0.26399999999999846
0.26409999999999845
0.26419999999999844
0.2642999999999984
0.2643999999999984
0.2644999999999984
0.2645999999999984
0.2646999999999984
0.26479999999999837
0.26489999999999836
0.26499999999999835
0.26509999999999834
0.2651999999999983
0.2652999999999983
0.2653999999999983
0.2654999999999983
0.2655999999999983
0.26569999999999827
0.26579999999999826
0.26589999999999825
0.26599999999999824
0.2660999999999982
0.2661999999999982
0.2662999999999982
0.2663999999999982
0.2664999999999982
0.26659999999999817
0.26669999999999816
0.26679999999999815
0.26689999999999814
0.2669999999999981
0.2670999999999981
0.2671999999999981
0.2672999999999981
0.2673999999999981
0.2674999999999981
0.26759999999999806
0.26769999999999805
0.26779999999999804
0.26789999999999803
0.267999999999998
0.268099999999998
0.268199999999998
0.268299999999998
0.268399999999998
0.26849999999999796
0.26859999999999795
0.26869999999999794
0.26879999999999793
0.2688999999999979
0.2689999999999979
0.2690999999999979
0.2691999999999979
0.2692999999999979
0.26939999999999786
0.26949999999999785
0.26959999999999784
0.26969999999999783
0.2697999999999978
0.2698999999999978
0.2699999999999978
0.2700999999999978
0.2701999999999978
0.27029999999999776
0.27039999999999775
0.27049999999999774
0.27059999999999773
0.2706999999999977
0.2707999999999977
0.2708999999999977
0.2709999999999977
0.2710999999999977
0.27119999999999767
0.27129999999999765
0.27139999999999764
0.27149999999999763
0.2715999999999976
0.2716999999999976
0.2717999999999976
0.2718999999999976
0.2719999999999976
0.27209999999999757
0.27219999999999756
0.27229999999999754
0.27239999999999753
0.2724999999999975
0.2725999999999975
0.2726999999999975
0.2727999999999975
0.2728999999999975
0.27299999999999747
0.27309999999999746
0.27319999999999744
0.27329999999999743
0.2733999999999974
0.2734999999999974
0.2735999999999974
0.2736999999999974
0.2737999999999974
0.27389999999999737
0.27399999999999736
0.27409999999999735
0.27419999999999733
0.2742999999999973
0.2743999999999973
0.2744999999999973
0.2745999999999973
0.2746999999999973
0.27479999999999727
0.27489999999999726
0.27499999999999725
0.27509999999999724
0.2751999999999972
0.2752999999999972
0.2753999999999972
0.2754999999999972
0.2755999999999972
0.27569999999999717
0.27579999999999716
0.27589999999999715
0.27599999999999714
0.2760999999999971
0.2761999999999971
0.2762999999999971
0.2763999999999971
0.2764999999999971
0.27659999999999707
0.27669999999999706
0.27679999999999705
0.27689999999999704
0.276999999999997
0.277099999999997
0.277199999999997
0.277299999999997
0.277399999999997
0.27749999999999697
0.27759999999999696
0.27769999999999695
0.27779999999999694
0.2778999999999969
0.2779999999999969
0.2780999999999969
0.2781999999999969
0.2782999999999969
0.27839999999999687
0.27849999999999686
0.27859999999999685
0.27869999999999684
0.27879999999999683
0.2788999999999968
0.2789999999999968
0.2790999999999968
0.2791999999999968
0.2792999999999968
0.27939999999999676
0.27949999999999675
0.27959999999999674
0.27969999999999673
0.2797999999999967
0.2798999999999967
0.2799999999999967
0.2800999999999967
0.2801999999999967
0.28029999999999666
0.28039999999999665
0.28049999999999664
0.28059999999999663
0.2806999999999966
0.2807999999999966
0.2808999999999966
0.2809999999999966
0.2810999999999966
0.28119999999999656
0.28129999999999655
0.28139999999999654
0.28149999999999653
0.2815999999999965
0.2816999999999965
0.2817999999999965
0.2818999999999965
0.2819999999999965
0.28209999999999646
0.28219999999999645
0.28229999999999644
0.28239999999999643
0.2824999999999964
0.2825999999999964
0.2826999999999964
0.2827999999999964
0.2828999999999964
0.28299999999999637
0.28309999999999635
0.28319999999999634
0.28329999999999633
0.2833999999999963
0.2834999999999963
0.2835999999999963
0.2836999999999963
0.2837999999999963
0.28389999999999627
0.28399999999999626
0.28409999999999624
0.28419999999999623
0.2842999999999962
0.2843999999999962
0.2844999999999962
0.2845999999999962
0.2846999999999962
0.28479999999999617
0.28489999999999616
0.28499999999999615
0.28509999999999613
0.2851999999999961
0.2852999999999961
0.2853999999999961
0.2854999999999961
0.2855999999999961
0.28569999999999607
0.28579999999999606
0.28589999999999605
0.28599999999999604
0.286099999999996
0.286199999999996
0.286299999999996
0.286399999999996
0.286499999999996
0.28659999999999597
0.28669999999999596
0.28679999999999595
0.28689999999999594
0.2869999999999959
0.2870999999999959
0.2871999999999959
0.2872999999999959
0.2873999999999959
0.28749999999999587
0.28759999999999586
0.28769999999999585
0.28779999999999584
0.2878999999999958
0.2879999999999958
0.2880999999999958
0.2881999999999958
0.2882999999999958
0.28839999999999577
0.28849999999999576
0.28859999999999575
0.28869999999999574
0.2887999999999957
0.2888999999999957
0.2889999999999957
0.2890999999999957
0.2891999999999957
0.28929999999999567
0.28939999999999566
0.28949999999999565
0.28959999999999564
0.2896999999999956
0.2897999999999956
0.2898999999999956
0.2899999999999956
0.2900999999999956
0.2901999999999956
0.29029999999999556
0.29039999999999555
0.29049999999999554
0.29059999999999553
0.2906999999999955
0.2907999999999955
0.2908999999999955
0.2909999999999955
0.2910999999999955
0.29119999999999546
0.29129999999999545
0.29139999999999544
0.29149999999999543
0.2915999999999954
0.2916999999999954
0.2917999999999954
0.2918999999999954
0.2919999999999954
0.29209999999999536
0.29219999999999535
0.29229999999999534
0.29239999999999533
0.2924999999999953
0.2925999999999953
0.2926999999999953
0.2927999999999953
0.2928999999999953
0.29299999999999526
0.29309999999999525
0.29319999999999524
0.29329999999999523
0.2933999999999952
0.2934999999999952
0.2935999999999952
0.2936999999999952
0.2937999999999952
0.29389999999999517
0.29399999999999515
0.29409999999999514
0.29419999999999513
0.2942999999999951
0.2943999999999951
0.2944999999999951
0.2945999999999951
0.2946999999999951
0.29479999999999507
0.29489999999999505
0.29499999999999504
0.29509999999999503
0.295199999999995
0.295299999999995
0.295399999999995
0.295499999999995
0.295599999999995
0.29569999999999497
0.29579999999999496
0.29589999999999494
0.29599999999999493
0.2960999999999949
0.2961999999999949
0.2962999999999949
0.2963999999999949
0.2964999999999949
0.29659999999999487
0.29669999999999486
0.29679999999999485
0.29689999999999483
0.2969999999999948
0.2970999999999948
0.2971999999999948
0.2972999999999948
0.2973999999999948
0.29749999999999477
0.29759999999999476
0.29769999999999475
0.29779999999999474
0.2978999999999947
0.2979999999999947
0.2980999999999947
0.2981999999999947
0.2982999999999947
0.29839999999999467
0.29849999999999466
0.29859999999999465
0.29869999999999464
0.2987999999999946
0.2988999999999946
0.2989999999999946
0.2990999999999946
0.2991999999999946
0.29929999999999457
0.29939999999999456
0.29949999999999455
0.29959999999999454
0.2996999999999945
0.2997999999999945
0.2998999999999945
0.2999999999999945
0.3000999999999945
0.30019999999999447
0.30029999999999446
0.30039999999999445
0.30049999999999444
0.3005999999999944
0.3006999999999944
0.3007999999999944
0.3008999999999944
0.3009999999999944
0.30109999999999437
0.30119999999999436
0.30129999999999435
0.30139999999999434
0.30149999999999433
0.3015999999999943
0.3016999999999943
0.3017999999999943
0.3018999999999943
0.3019999999999943
0.30209999999999426
0.30219999999999425
0.30229999999999424
0.30239999999999423
0.3024999999999942
0.3025999999999942
0.3026999999999942
0.3027999999999942
0.3028999999999942
0.30299999999999416
0.30309999999999415
0.30319999999999414
0.30329999999999413
0.3033999999999941
0.3034999999999941
0.3035999999999941
0.3036999999999941
0.3037999999999941
0.30389999999999406
0.30399999999999405
0.30409999999999404
0.30419999999999403
0.304299999999994
0.304399999999994
0.304499999999994
0.304599999999994
0.304699999999994
0.30479999999999396
0.30489999999999395
0.30499999999999394
0.30509999999999393
0.3051999999999939
0.3052999999999939
0.3053999999999939
0.3054999999999939
0.3055999999999939
0.30569999999999387
0.30579999999999385
0.30589999999999384
0.30599999999999383
0.3060999999999938
0.3061999999999938
0.3062999999999938
0.3063999999999938
0.3064999999999938
0.30659999999999377
0.30669999999999376
0.30679999999999374
0.30689999999999373
0.3069999999999937
0.3070999999999937
0.3071999999999937
0.3072999999999937
0.3073999999999937
0.30749999999999367
0.30759999999999366
0.30769999999999365
0.30779999999999363
0.3078999999999936
0.3079999999999936
0.3080999999999936
0.3081999999999936
0.3082999999999936
0.30839999999999357
0.30849999999999356
0.30859999999999355
0.30869999999999354
0.3087999999999935
0.3088999999999935
0.3089999999999935
0.3090999999999935
0.3091999999999935
0.30929999999999347
0.30939999999999346
0.30949999999999345
0.30959999999999344
0.3096999999999934
0.3097999999999934
0.3098999999999934
0.3099999999999934
0.3100999999999934
0.31019999999999337
0.31029999999999336
0.31039999999999335
0.31049999999999334
0.3105999999999933
0.3106999999999933
0.3107999999999933
0.3108999999999933
0.3109999999999933
0.31109999999999327
0.31119999999999326
0.31129999999999325
0.31139999999999324
0.3114999999999932
0.3115999999999932
0.3116999999999932
0.3117999999999932
0.3118999999999932
0.31199999999999317
0.31209999999999316
0.31219999999999315
0.31229999999999314
0.3123999999999931
0.3124999999999931
0.3125999999999931
0.3126999999999931
0.3127999999999931
0.3128999999999931
0.31299999999999306
0.31309999999999305
0.31319999999999304
0.31329999999999303
0.313399999999993
0.313499999999993
0.313599999999993
0.313699999999993
0.313799999999993
0.31389999999999296
0.31399999999999295
0.31409999999999294
0.31419999999999293
0.3142999999999929
0.3143999999999929
0.3144999999999929
0.3145999999999929
0.3146999999999929
0.31479999999999286
0.31489999999999285
0.31499999999999284
0.31509999999999283
0.3151999999999928
0.3152999999999928
0.3153999999999928
0.3154999999999928
0.3155999999999928
0.31569999999999276
0.31579999999999275
0.31589999999999274
0.31599999999999273
0.3160999999999927
0.3161999999999927
0.3162999999999927
0.3163999999999927
0.3164999999999927
0.31659999999999267
0.31669999999999265
0.31679999999999264
0.31689999999999263
0.3169999999999926
0.3170999999999926
0.3171999999999926
0.3172999999999926
0.3173999999999926
0.31749999999999257
0.31759999999999255
0.31769999999999254
0.31779999999999253
0.3178999999999925
0.3179999999999925
0.3180999999999925
0.3181999999999925
0.3182999999999925
0.31839999999999247
0.31849999999999246
0.31859999999999244
0.31869999999999243
0.3187999999999924
0.3188999999999924
0.3189999999999924
0.3190999999999924
0.3191999999999924
0.31929999999999237
0.31939999999999236
0.31949999999999235
0.31959999999999233
0.3196999999999923
0.3197999999999923
0.3198999999999923
0.3199999999999923
0.3200999999999923
0.32019999999999227
0.32029999999999226
0.32039999999999225
0.32049999999999224
0.3205999999999922
0.3206999999999922
0.3207999999999922
0.3208999999999922
0.3209999999999922
0.32109999999999217
0.32119999999999216
0.32129999999999215
0.32139999999999214
0.3214999999999921
0.3215999999999921
0.3216999999999921
0.3217999999999921
0.3218999999999921
0.32199999999999207
0.32209999999999206
0.32219999999999205
0.32229999999999204
0.322399999999992
0.322499999999992
0.322599999999992
0.322699999999992
0.322799999999992
0.32289999999999197
0.32299999999999196
0.32309999999999195
0.32319999999999194
0.3232999999999919
0.3233999999999919
0.3234999999999919
0.3235999999999919
0.3236999999999919
0.32379999999999187
0.32389999999999186
0.32399999999999185
0.32409999999999184
0.32419999999999183
0.3242999999999918
0.3243999999999918
0.3244999999999918
0.3245999999999918
0.3246999999999918
0.32479999999999176
0.32489999999999175
0.32499999999999174
0.32509999999999173
0.3251999999999917
0.3252999999999917
0.3253999999999917
0.3254999999999917
0.3255999999999917
0.32569999999999166
0.32579999999999165
0.32589999999999164
0.32599999999999163
0.3260999999999916
0.3261999999999916
0.3262999999999916
0.3263999999999916
0.3264999999999916
0.32659999999999156
0.32669999999999155
0.32679999999999154
0.32689999999999153
0.3269999999999915
0.3270999999999915
0.3271999999999915
0.3272999999999915
0.3273999999999915
0.32749999999999146
0.32759999999999145
0.32769999999999144
0.32779999999999143
0.3278999999999914
0.3279999999999914
0.3280999999999914
0.3281999999999914
0.3282999999999914
0.32839999999999137
0.32849999999999135
0.32859999999999134
0.32869999999999133
0.3287999999999913
0.3288999999999913
0.3289999999999913
0.3290999999999913
0.3291999999999913
0.32929999999999127
0.32939999999999126
0.32949999999999124
0.32959999999999123
0.3296999999999912
0.3297999999999912
0.3298999999999912
0.3299999999999912
0.3300999999999912
0.33019999999999117
0.33029999999999116
0.33039999999999115
0.33049999999999113
0.3305999999999911
0.3306999999999911
0.3307999999999911
0.3308999999999911
0.3309999999999911
0.33109999999999107
0.33119999999999106
0.33129999999999105
0.33139999999999104
0.331499999999991
0.331599999999991
0.331699999999991
0.331799999999991
0.331899999999991
0.33199999999999097
0.33209999999999096
0.33219999999999095
0.33229999999999094
0.3323999999999909
0.3324999999999909
0.3325999999999909
0.3326999999999909
0.3327999999999909
0.33289999999999087
0.33299999999999086
0.33309999999999085
0.33319999999999084
0.3332999999999908
0.3333999999999908
0.3334999999999908
0.3335999999999908
0.3336999999999908
0.33379999999999077
0.33389999999999076
0.33399999999999075
0.33409999999999074
0.3341999999999907
0.3342999999999907
0.3343999999999907
0.3344999999999907
0.3345999999999907
0.33469999999999067
0.33479999999999066
0.33489999999999065
0.33499999999999064
0.3350999999999906
0.3351999999999906
0.3352999999999906
0.3353999999999906
0.3354999999999906
0.3355999999999906
0.33569999999999056
0.33579999999999055
0.33589999999999054
0.33599999999999053
0.3360999999999905
0.3361999999999905
0.3362999999999905
0.3363999999999905
0.3364999999999905
0.33659999999999046
0.33669999999999045
0.33679999999999044
0.33689999999999043
0.3369999999999904
0.3370999999999904
0.3371999999999904
0.3372999999999904
0.3373999999999904
0.33749999999999036
0.33759999999999035
0.33769999999999034
0.33779999999999033
0.3378999999999903
0.3379999999999903
0.3380999999999903
0.3381999999999903
0.3382999999999903
0.33839999999999026
0.33849999999999025
0.33859999999999024
0.33869999999999023
0.3387999999999902
0.3388999999999902
0.3389999999999902
0.3390999999999902
0.3391999999999902
0.33929999999999017
0.33939999999999015
0.33949999999999014
0.33959999999999013
0.3396999999999901
0.3397999999999901
0.3398999999999901
0.3399999999999901
0.3400999999999901
0.34019999999999007
0.34029999999999005
0.34039999999999004
0.34049999999999003
0.34059999999999
0.34069999999999
0.34079999999999
0.34089999999999
0.34099999999999
0.34109999999998997
0.34119999999998996
0.34129999999998994
0.34139999999998993
0.3414999999999899
0.3415999999999899
0.3416999999999899
0.3417999999999899
0.3418999999999899
0.34199999999998987
0.34209999999998986
0.34219999999998985
0.34229999999998983
0.3423999999999898
0.3424999999999898
0.3425999999999898
0.3426999999999898
0.3427999999999898
0.34289999999998977
0.34299999999998976
0.34309999999998975
0.34319999999998974
0.3432999999999897
0.3433999999999897
0.3434999999999897
0.3435999999999897
0.3436999999999897
0.34379999999998967
0.34389999999998966
0.34399999999998965
0.34409999999998964
0.3441999999999896
0.3442999999999896
0.3443999999999896
0.3444999999999896
0.3445999999999896
0.34469999999998957
0.34479999999998956
0.34489999999998955
0.34499999999998954
0.3450999999999895
0.3451999999999895
0.3452999999999895
0.3453999999999895
0.3454999999999895
0.34559999999998947
0.34569999999998946
0.34579999999998945
0.34589999999998944
0.3459999999999894
0.3460999999999894
0.3461999999999894
0.3462999999999894
0.3463999999999894
0.34649999999998937
0.34659999999998936
0.34669999999998935
0.34679999999998934
0.34689999999998933
0.3469999999999893
0.3470999999999893
0.3471999999999893
0.3472999999999893
0.3473999999999893
0.34749999999998926
0.34759999999998925
0.34769999999998924
0.34779999999998923
0.3478999999999892
0.3479999999999892
0.3480999999999892
0.3481999999999892
0.3482999999999892
0.34839999999998916
0.34849999999998915
0.34859999999998914
0.34869999999998913
0.3487999999999891
0.3488999999999891
0.3489999999999891
0.3490999999999891
0.3491999999999891
0.34929999999998906
0.34939999999998905
0.34949999999998904
0.34959999999998903
0.349699999999989
0.349799999999989
0.349899999999989
0.349999999999989
0.350099999999989
0.35019999999998896
0.35029999999998895
0.35039999999998894
0.35049999999998893
0.3505999999999889
0.3506999999999889
0.3507999999999889
0.3508999999999889
0.3509999999999889
0.35109999999998887
0.35119999999998885
0.35129999999998884
0.35139999999998883
0.3514999999999888
0.3515999999999888
0.3516999999999888
0.3517999999999888
0.3518999999999888
0.35199999999998877
0.35209999999998876
0.35219999999998874
0.35229999999998873
0.3523999999999887
0.3524999999999887
0.3525999999999887
0.3526999999999887
0.3527999999999887
0.35289999999998867
0.35299999999998866
0.35309999999998865
0.35319999999998863
0.3532999999999886
0.3533999999999886
0.3534999999999886
0.3535999999999886
0.3536999999999886
0.35379999999998857
0.35389999999998856
0.35399999999998855
0.35409999999998854
0.3541999999999885
0.3542999999999885
0.3543999999999885
0.3544999999999885
0.3545999999999885
0.35469999999998847
0.35479999999998846
0.35489999999998845
0.35499999999998844
0.3550999999999884
0.3551999999999884
0.3552999999999884
0.3553999999999884
0.3554999999999884
0.35559999999998837
0.35569999999998836
0.35579999999998835
0.35589999999998834
0.3559999999999883
0.3560999999999883
0.3561999999999883
0.3562999999999883
0.3563999999999883
0.35649999999998827
0.35659999999998826
0.35669999999998825
0.35679999999998824
0.3568999999999882
0.3569999999999882
0.3570999999999882
0.3571999999999882
0.3572999999999882
0.35739999999998817
0.35749999999998816
0.35759999999998815
0.35769999999998814
0.3577999999999881
0.3578999999999881
0.3579999999999881
0.3580999999999881
0.3581999999999881
0.3582999999999881
0.35839999999998806
0.35849999999998805
0.35859999999998804
0.35869999999998803
0.358799999999988
0.358899999999988
0.358999999999988
0.359099999999988
0.359199999999988
0.35929999999998796
0.35939999999998795
0.35949999999998794
0.35959999999998793
0.3596999999999879
0.3597999999999879
0.3598999999999879
0.3599999999999879
0.3600999999999879
0.36019999999998786
0.36029999999998785
0.36039999999998784
0.36049999999998783
0.3605999999999878
0.3606999999999878
0.3607999999999878
0.3608999999999878
0.3609999999999878
0.36109999999998776
0.36119999999998775
0.36129999999998774
0.36139999999998773
0.3614999999999877
0.3615999999999877
0.3616999999999877
0.3617999999999877
0.3618999999999877
0.36199999999998766
0.36209999999998765
0.36219999999998764
0.36229999999998763
0.3623999999999876
0.3624999999999876
0.3625999999999876
0.3626999999999876
0.3627999999999876
0.36289999999998757
0.36299999999998755
0.36309999999998754
0.36319999999998753
0.3632999999999875
0.3633999999999875
0.3634999999999875
0.3635999999999875
0.3636999999999875
0.36379999999998747
0.36389999999998746
0.36399999999998744
0.36409999999998743
0.3641999999999874
0.3642999999999874
0.3643999999999874
0.3644999999999874
0.3645999999999874
0.36469999999998737
0.36479999999998736
0.36489999999998735
0.36499999999998733
0.3650999999999873
0.3651999999999873
0.3652999999999873
0.3653999999999873
0.3654999999999873
0.36559999999998727
0.36569999999998726
0.36579999999998725
0.36589999999998724
0.3659999999999872
0.3660999999999872
0.3661999999999872
0.3662999999999872
0.3663999999999872
0.36649999999998717
0.36659999999998716
0.36669999999998715
0.36679999999998714
0.3668999999999871
0.3669999999999871
0.3670999999999871
0.3671999999999871
0.3672999999999871
0.36739999999998707
0.36749999999998706
0.36759999999998705
0.36769999999998704
0.367799999999987
0.367899999999987
0.367999999999987
0.368099999999987
0.368199999999987
0.36829999999998697
0.36839999999998696
0.36849999999998695
0.36859999999998694
0.3686999999999869
0.3687999999999869
0.3688999999999869
0.3689999999999869
0.3690999999999869
0.36919999999998687
0.36929999999998686
0.36939999999998685
0.36949999999998684
0.36959999999998683
0.3696999999999868
0.3697999999999868
0.3698999999999868
0.3699999999999868
0.3700999999999868
0.37019999999998676
0.37029999999998675
0.37039999999998674
0.37049999999998673
0.3705999999999867
0.3706999999999867
0.3707999999999867
0.3708999999999867
0.3709999999999867
0.37109999999998666
0.37119999999998665
0.37129999999998664
0.37139999999998663
0.3714999999999866
0.3715999999999866
0.3716999999999866
0.3717999999999866
0.3718999999999866
0.37199999999998656
0.37209999999998655
0.37219999999998654
0.37229999999998653
0.3723999999999865
0.3724999999999865
0.3725999999999865
0.3726999999999865
0.3727999999999865
0.37289999999998646
0.37299999999998645
0.37309999999998644
0.37319999999998643
0.3732999999999864
0.3733999999999864
0.3734999999999864
0.3735999999999864
0.3736999999999864
0.37379999999998637
0.37389999999998635
0.37399999999998634
0.37409999999998633
0.3741999999999863
0.3742999999999863
0.3743999999999863
0.3744999999999863
0.3745999999999863
0.37469999999998627
0.37479999999998626
0.37489999999998624
0.37499999999998623
0.3750999999999862
0.3751999999999862
0.3752999999999862
0.3753999999999862
0.3754999999999862
0.37559999999998617
0.37569999999998616
0.37579999999998615
0.37589999999998613
0.3759999999999861
0.3760999999999861
0.3761999999999861
0.3762999999999861
0.3763999999999861
0.37649999999998607
0.37659999999998606
0.37669999999998605
0.37679999999998603
0.376899999999986
0.376999999999986
0.377099999999986
0.377199999999986
0.377299999999986
0.37739999999998597
0.37749999999998596
0.37759999999998595
0.37769999999998594
0.3777999999999859
0.3778999999999859
0.3779999999999859
0.3780999999999859
0.3781999999999859
0.37829999999998587
0.37839999999998586
0.37849999999998585
0.37859999999998584
0.3786999999999858
0.3787999999999858
0.3788999999999858
0.3789999999999858
0.3790999999999858
0.37919999999998577
0.37929999999998576
0.37939999999998575
0.37949999999998574
0.3795999999999857
0.3796999999999857
0.3797999999999857
0.3798999999999857
0.3799999999999857
0.38009999999998567
0.38019999999998566
0.38029999999998565
0.38039999999998564
0.3804999999999856
0.3805999999999856
0.3806999999999856
0.3807999999999856
0.3808999999999856
0.3809999999999856
0.38109999999998556
0.38119999999998555
0.38129999999998554
0.38139999999998553
0.3814999999999855
0.3815999999999855
0.3816999999999855
0.3817999999999855
0.3818999999999855
0.38199999999998546
0.38209999999998545
0.38219999999998544
0.38229999999998543
0.3823999999999854
0.3824999999999854
0.3825999999999854
0.3826999999999854
0.3827999999999854
0.38289999999998536
0.38299999999998535
0.38309999999998534
0.38319999999998533
0.3832999999999853
0.3833999999999853
0.3834999999999853
0.3835999999999853
0.3836999999999853
0.38379999999998526
0.38389999999998525
0.38399999999998524
0.38409999999998523
0.3841999999999852
0.3842999999999852
0.3843999999999852
0.3844999999999852
0.3845999999999852
0.38469999999998516
0.38479999999998515
0.38489999999998514
0.38499999999998513
0.3850999999999851
0.3851999999999851
0.3852999999999851
0.3853999999999851
0.3854999999999851
0.38559999999998507
0.38569999999998505
0.38579999999998504
0.38589999999998503
0.385999999999985
0.386099999999985
0.386199999999985
0.386299999999985
0.386399999999985
0.38649999999998497
0.38659999999998496
0.38669999999998494
0.38679999999998493
0.3868999999999849
0.3869999999999849
0.3870999999999849
0.3871999999999849
0.3872999999999849
0.38739999999998487
0.38749999999998486
0.38759999999998485
0.38769999999998483
0.3877999999999848
0.3878999999999848
0.3879999999999848
0.3880999999999848
0.3881999999999848
0.38829999999998477
0.38839999999998476
0.38849999999998475
0.38859999999998474
0.3886999999999847
0.3887999999999847
0.3888999999999847
0.3889999999999847
0.3890999999999847
0.38919999999998467
0.38929999999998466
0.38939999999998465
0.38949999999998464
0.3895999999999846
0.3896999999999846
0.3897999999999846
0.3898999999999846
0.3899999999999846
0.39009999999998457
0.39019999999998456
0.39029999999998455
0.39039999999998454
0.3904999999999845
0.3905999999999845
0.3906999999999845
0.3907999999999845
0.3908999999999845
0.39099999999998447
0.39109999999998446
0.39119999999998445
0.39129999999998444
0.3913999999999844
0.3914999999999844
0.3915999999999844
0.3916999999999844
0.3917999999999844
0.39189999999998437
0.39199999999998436
0.39209999999998435
0.39219999999998434
0.39229999999998433
0.3923999999999843
0.3924999999999843
0.3925999999999843
0.3926999999999843
0.3927999999999843
0.39289999999998426
0.39299999999998425
0.39309999999998424
0.39319999999998423
0.3932999999999842
0.3933999999999842
0.3934999999999842
0.3935999999999842
0.3936999999999842
0.39379999999998416
0.39389999999998415
0.39399999999998414
0.39409999999998413
0.3941999999999841
0.3942999999999841
0.3943999999999841
0.3944999999999841
0.3945999999999841
0.39469999999998406
0.39479999999998405
0.39489999999998404
0.39499999999998403
0.395099999999984
0.395199999999984
0.395299999999984
0.395399999999984
0.395499999999984
0.39559999999998396
0.39569999999998395
0.39579999999998394
0.39589999999998393
0.3959999999999839
0.3960999999999839
0.3961999999999839
0.3962999999999839
0.3963999999999839
0.39649999999998387
0.39659999999998385
0.39669999999998384
0.39679999999998383
0.3968999999999838
0.3969999999999838
0.3970999999999838
0.3971999999999838
0.3972999999999838
0.39739999999998377
0.39749999999998376
0.39759999999998374
0.39769999999998373
0.3977999999999837
0.3978999999999837
0.3979999999999837
0.3980999999999837
0.3981999999999837
0.39829999999998367
0.39839999999998366
0.39849999999998365
0.39859999999998363
0.3986999999999836
0.3987999999999836
0.3988999999999836
0.3989999999999836
0.3990999999999836
0.39919999999998357
0.39929999999998356
0.39939999999998355
0.39949999999998353
0.3995999999999835
0.3996999999999835
0.3997999999999835
0.3998999999999835
0.3999999999999835
0.40009999999998347
0.40019999999998346
0.40029999999998345
0.40039999999998344
0.4004999999999834
0.4005999999999834
0.4006999999999834
0.4007999999999834
0.4008999999999834
0.40099999999998337
0.40109999999998336
0.40119999999998335
0.40129999999998334
0.4013999999999833
0.4014999999999833
0.4015999999999833
0.4016999999999833
0.4017999999999833
0.40189999999998327
0.40199999999998326
0.40209999999998325
0.40219999999998324
0.4022999999999832
0.4023999999999832
0.4024999999999832
0.4025999999999832
0.4026999999999832
0.40279999999998317
0.40289999999998316
0.40299999999998315
0.40309999999998314
0.4031999999999831
0.4032999999999831
0.4033999999999831
0.4034999999999831
0.4035999999999831
0.4036999999999831
0.40379999999998306
0.40389999999998305
0.40399999999998304
0.40409999999998303
0.404199999999983
0.404299999999983
0.404399999999983
0.404499999999983
0.404599999999983
0.40469999999998296
0.40479999999998295
0.40489999999998294
0.40499999999998293
0.4050999999999829
0.4051999999999829
0.4052999999999829
0.4053999999999829
0.4054999999999829
0.40559999999998286
0.40569999999998285
0.40579999999998284
0.40589999999998283
0.4059999999999828
0.4060999999999828
0.4061999999999828
0.4062999999999828
0.4063999999999828
0.40649999999998276
0.40659999999998275
0.40669999999998274
0.40679999999998273
0.4068999999999827
0.4069999999999827
0.4070999999999827
0.4071999999999827
0.4072999999999827
0.40739999999998266
0.40749999999998265
0.40759999999998264
0.40769999999998263
0.4077999999999826
0.4078999999999826
0.4079999999999826
0.4080999999999826
0.4081999999999826
0.40829999999998257
0.40839999999998255
0.40849999999998254
0.40859999999998253
0.4086999999999825
0.4087999999999825
0.4088999999999825
0.4089999999999825
0.4090999999999825
0.40919999999998247
0.40929999999998246
0.40939999999998244
0.40949999999998243
0.4095999999999824
0.4096999999999824
0.4097999999999824
0.4098999999999824
0.4099999999999824
0.41009999999998237
0.41019999999998236
0.41029999999998235
0.41039999999998233
0.4104999999999823
0.4105999999999823
0.4106999999999823
0.4107999999999823
0.4108999999999823
0.41099999999998227
0.41109999999998226
0.41119999999998225
0.41129999999998224
0.4113999999999822
0.4114999999999822
0.4115999999999822
0.4116999999999822
0.4117999999999822
0.41189999999998217
0.41199999999998216
0.41209999999998215
0.41219999999998214
0.4122999999999821
0.4123999999999821
0.4124999999999821
0.4125999999999821
0.4126999999999821
0.41279999999998207
0.41289999999998206
0.41299999999998205
0.41309999999998204
0.413199999999982
0.413299999999982
0.413399999999982
0.413499999999982
0.413599999999982
0.41369999999998197
0.41379999999998196
0.41389999999998195
0.41399999999998194
0.4140999999999819
0.4141999999999819
0.4142999999999819
0.4143999999999819
0.4144999999999819
0.41459999999998187
0.41469999999998186
0.41479999999998185
0.41489999999998184
0.41499999999998183
0.4150999999999818
0.4151999999999818
0.4152999999999818
0.4153999999999818
0.4154999999999818
0.41559999999998176
0.41569999999998175
0.41579999999998174
0.41589999999998173
0.4159999999999817
0.4160999999999817
0.4161999999999817
0.4162999999999817
0.4163999999999817
0.41649999999998166
0.41659999999998165
0.41669999999998164
0.41679999999998163
0.4168999999999816
0.4169999999999816
0.4170999999999816
0.4171999999999816
0.4172999999999816
0.41739999999998156
0.41749999999998155
0.41759999999998154
0.41769999999998153
0.4177999999999815
0.4178999999999815
0.4179999999999815
0.4180999999999815
0.4181999999999815
0.41829999999998146
0.41839999999998145
0.41849999999998144
0.41859999999998143
0.4186999999999814
0.4187999999999814
0.4188999999999814
0.4189999999999814
0.4190999999999814
0.41919999999998137
0.41929999999998135
0.41939999999998134
0.41949999999998133
0.4195999999999813
0.4196999999999813
0.4197999999999813
0.4198999999999813
0.4199999999999813
0.42009999999998127
0.42019999999998126
0.42029999999998124
0.42039999999998123
0.4204999999999812
0.4205999999999812
0.4206999999999812
0.4207999999999812
0.4208999999999812
0.42099999999998117
0.42109999999998116
0.42119999999998115
0.42129999999998113
0.4213999999999811
0.4214999999999811
0.4215999999999811
0.4216999999999811
0.4217999999999811
0.42189999999998107
0.42199999999998106
0.42209999999998105
0.42219999999998103
0.422299999999981
0.422399999999981
0.422499999999981
0.422599999999981
0.422699999999981
0.42279999999998097
0.42289999999998096
0.42299999999998095
0.42309999999998094
0.4231999999999809
0.4232999999999809
0.4233999999999809
0.4234999999999809
0.4235999999999809
0.42369999999998087
0.42379999999998086
0.42389999999998085
0.42399999999998084
0.4240999999999808
0.4241999999999808
0.4242999999999808
0.4243999999999808
0.4244999999999808
0.42459999999998077
0.42469999999998076
0.42479999999998075
0.42489999999998074
0.4249999999999807
0.4250999999999807
0.4251999999999807
0.4252999999999807
0.4253999999999807
0.42549999999998067
0.42559999999998066
0.42569999999998065
0.42579999999998064
0.4258999999999806
0.4259999999999806
0.4260999999999806
0.4261999999999806
0.4262999999999806
0.4263999999999806
0.42649999999998056
0.42659999999998055
0.42669999999998054
0.42679999999998053
0.4268999999999805
0.4269999999999805
0.4270999999999805
0.4271999999999805
0.4272999999999805
0.42739999999998046
0.42749999999998045
0.42759999999998044
0.42769999999998043
0.4277999999999804
0.4278999999999804
0.4279999999999804
0.4280999999999804
0.4281999999999804
0.42829999999998036
0.42839999999998035
0.42849999999998034
0.42859999999998033
0.4286999999999803
0.4287999999999803
0.4288999999999803
0.4289999999999803
0.4290999999999803
0.42919999999998026
0.42929999999998025
0.42939999999998024
0.42949999999998023
0.4295999999999802
0.4296999999999802
0.4297999999999802
0.4298999999999802
0.4299999999999802
0.43009999999998016
0.43019999999998015
0.43029999999998014
0.43039999999998013
0.4304999999999801
0.4305999999999801
0.4306999999999801
0.4307999999999801
0.4308999999999801
0.43099999999998007
0.43109999999998005
0.43119999999998004
0.43129999999998003
0.43139999999998
0.43149999999998
0.43159999999998
0.43169999999998
0.43179999999998
0.43189999999997997
0.43199999999997996
0.43209999999997994
0.43219999999997993
0.4322999999999799
0.4323999999999799
0.4324999999999799
0.4325999999999799
0.4326999999999799
0.43279999999997987
0.43289999999997986
0.43299999999997985
0.43309999999997983
0.4331999999999798
0.4332999999999798
0.4333999999999798
0.4334999999999798
0.4335999999999798
0.43369999999997977
0.43379999999997976
0.43389999999997975
0.43399999999997974
0.4340999999999797
0.4341999999999797
0.4342999999999797
0.4343999999999797
0.4344999999999797
0.43459999999997967
0.43469999999997966
0.43479999999997965
0.43489999999997964
0.4349999999999796
0.4350999999999796
0.4351999999999796
0.4352999999999796
0.4353999999999796
0.43549999999997957
0.43559999999997956
0.43569999999997955
0.43579999999997954
0.4358999999999795
0.4359999999999795
0.4360999999999795
0.4361999999999795
0.4362999999999795
0.43639999999997947
0.43649999999997946
0.43659999999997945
0.43669999999997944
0.4367999999999794
0.4368999999999794
0.4369999999999794
0.4370999999999794
0.4371999999999794
0.43729999999997937
0.43739999999997936
0.43749999999997935
0.43759999999997934
0.43769999999997933
0.4377999999999793
0.4378999999999793
0.4379999999999793
0.4380999999999793
0.4381999999999793
0.43829999999997926
0.43839999999997925
0.43849999999997924
0.43859999999997923
0.4386999999999792
0.4387999999999792
0.4388999999999792
0.4389999999999792
0.4390999999999792
0.43919999999997916
0.43929999999997915
0.43939999999997914
0.43949999999997913
0.4395999999999791
0.4396999999999791
0.4397999999999791
0.4398999999999791
0.4399999999999791
0.44009999999997906
0.44019999999997905
0.44029999999997904
0.44039999999997903
0.440499999999979
0.440599999999979
0.440699999999979
0.440799999999979
0.440899999999979
0.44099999999997896
0.44109999999997895
0.44119999999997894
0.44129999999997893
0.4413999999999789
0.4414999999999789
0.4415999999999789
0.4416999999999789
0.4417999999999789
0.44189999999997887
0.44199999999997885
0.44209999999997884
0.44219999999997883
0.4422999999999788
0.4423999999999788
0.4424999999999788
0.4425999999999788
0.4426999999999788
0.44279999999997877
0.44289999999997876
0.44299999999997874
0.44309999999997873
0.4431999999999787
0.4432999999999787
0.4433999999999787
0.4434999999999787
0.4435999999999787
0.44369999999997867
0.44379999999997866
0.44389999999997864
0.44399999999997863
0.4440999999999786
0.4441999999999786
0.4442999999999786
0.4443999999999786
0.4444999999999786
0.44459999999997857
0.44469999999997856
0.44479999999997855
0.44489999999997853
0.4449999999999785
0.4450999999999785
0.4451999999999785
0.4452999999999785
0.4453999999999785
0.44549999999997847
0.44559999999997846
0.44569999999997845
0.44579999999997844
0.4458999999999784
0.4459999999999784
0.4460999999999784
0.4461999999999784
0.4462999999999784
0.44639999999997837
0.44649999999997836
0.44659999999997835
0.44669999999997834
0.4467999999999783
0.4468999999999783
0.4469999999999783
0.4470999999999783
0.4471999999999783
0.44729999999997827
0.44739999999997826
0.44749999999997825
0.44759999999997824
0.4476999999999782
0.4477999999999782
0.4478999999999782
0.4479999999999782
0.4480999999999782
0.44819999999997817
0.44829999999997816
0.44839999999997815
0.44849999999997814
0.4485999999999781
0.4486999999999781
0.4487999999999781
0.4488999999999781
0.4489999999999781
0.4490999999999781
0.44919999999997806
0.44929999999997805
0.44939999999997804
0.44949999999997803
0.449599999999978
0.449699999999978
0.449799999999978
0.449899999999978
0.449999999999978
0.45009999999997796
0.45019999999997795
0.45029999999997794
0.45039999999997793
0.4504999999999779
0.4505999999999779
0.4506999999999779
0.4507999999999779
0.4508999999999779
0.45099999999997786
0.45109999999997785
0.45119999999997784
0.45129999999997783
0.4513999999999778
0.4514999999999778
0.4515999999999778
0.4516999999999778
0.4517999999999778
0.45189999999997776
0.45199999999997775
0.45209999999997774
0.45219999999997773
0.4522999999999777
0.4523999999999777
0.4524999999999777
0.4525999999999777
0.4526999999999777
0.45279999999997766
0.45289999999997765
0.45299999999997764
0.45309999999997763
0.4531999999999776
0.4532999999999776
0.4533999999999776
0.4534999999999776
0.4535999999999776
0.45369999999997757
0.45379999999997755
0.45389999999997754
0.45399999999997753
0.4540999999999775
0.4541999999999775
0.4542999999999775
0.4543999999999775
0.4544999999999775
0.45459999999997747
0.45469999999997746
0.45479999999997744
0.45489999999997743
0.4549999999999774
0.4550999999999774
0.4551999999999774
0.4552999999999774
0.4553999999999774
0.45549999999997737
0.45559999999997736
0.45569999999997735
0.45579999999997733
0.4558999999999773
0.4559999999999773
0.4560999999999773
0.4561999999999773
0.4562999999999773
0.45639999999997727
0.45649999999997726
0.45659999999997725
0.45669999999997724
0.4567999999999772
0.4568999999999772
0.4569999999999772
0.4570999999999772
0.4571999999999772
0.45729999999997717
0.45739999999997716
0.45749999999997715
0.45759999999997714
0.4576999999999771
0.4577999999999771
0.4578999999999771
0.4579999999999771
0.4580999999999771
0.45819999999997707
0.45829999999997706
0.45839999999997705
0.45849999999997704
0.458599999999977
0.458699999999977
0.458799999999977
0.458899999999977
0.458999999999977
0.45909999999997697
0.45919999999997696
0.45929999999997695
0.45939999999997694
0.4594999999999769
0.4595999999999769
0.4596999999999769
0.4597999999999769
0.4598999999999769
0.45999999999997687
0.46009999999997686
0.46019999999997685
0.46029999999997684
0.46039999999997683
0.4604999999999768
0.4605999999999768
0.4606999999999768
0.4607999999999768
0.4608999999999768
0.46099999999997676
0.46109999999997675
0.46119999999997674
0.46129999999997673
0.4613999999999767
0.4614999999999767
0.4615999999999767
0.4616999999999767
0.4617999999999767
0.46189999999997666
0.46199999999997665
0.46209999999997664
0.46219999999997663
0.4622999999999766
0.4623999999999766
0.4624999999999766
0.4625999999999766
0.4626999999999766
0.46279999999997656
0.46289999999997655
0.46299999999997654
0.46309999999997653
0.4631999999999765
0.4632999999999765
0.4633999999999765
0.4634999999999765
0.4635999999999765
0.46369999999997646
0.46379999999997645
0.46389999999997644
0.46399999999997643
0.4640999999999764
0.4641999999999764
0.4642999999999764
0.4643999999999764
0.4644999999999764
0.46459999999997637
0.46469999999997635
0.46479999999997634
0.46489999999997633
0.4649999999999763
0.4650999999999763
0.4651999999999763
0.4652999999999763
0.4653999999999763
0.46549999999997627
0.46559999999997626
0.46569999999997624
0.46579999999997623
0.4658999999999762
0.4659999999999762
0.4660999999999762
0.4661999999999762
0.4662999999999762
0.46639999999997617
0.46649999999997616
0.46659999999997614
0.46669999999997613
0.4667999999999761
0.4668999999999761
0.4669999999999761
0.4670999999999761
0.4671999999999761
0.46729999999997607
0.46739999999997606
0.46749999999997605
0.46759999999997603
0.467699999999976
0.467799999999976
0.467899999999976
0.467999999999976
0.468099999999976
0.46819999999997597
0.46829999999997596
0.46839999999997595
0.46849999999997594
0.4685999999999759
0.4686999999999759
0.4687999999999759
0.4688999999999759
0.4689999999999759
0.46909999999997587
0.46919999999997586
0.46929999999997585
0.46939999999997584
0.4694999999999758
0.4695999999999758
0.4696999999999758
0.4697999999999758
0.4698999999999758
0.46999999999997577
0.47009999999997576
0.47019999999997575
0.47029999999997574
0.4703999999999757
0.4704999999999757
0.4705999999999757
0.4706999999999757
0.4707999999999757
0.47089999999997567
0.47099999999997566
0.47109999999997565
0.47119999999997564
0.4712999999999756
0.4713999999999756
0.4714999999999756
0.4715999999999756
0.4716999999999756
0.4717999999999756
0.47189999999997556
0.47199999999997555
0.47209999999997554
0.47219999999997553
0.4722999999999755
0.4723999999999755
0.4724999999999755
0.4725999999999755
0.4726999999999755
0.47279999999997546
0.47289999999997545
0.47299999999997544
0.47309999999997543
0.4731999999999754
0.4732999999999754
0.4733999999999754
0.4734999999999754
0.4735999999999754
0.47369999999997536
0.47379999999997535
0.47389999999997534
0.47399999999997533
0.4740999999999753
0.4741999999999753
0.4742999999999753
0.4743999999999753
0.4744999999999753
0.47459999999997526
0.47469999999997525
0.47479999999997524
0.47489999999997523
0.4749999999999752
0.4750999999999752
0.4751999999999752
0.4752999999999752
0.4753999999999752
0.47549999999997516
0.47559999999997515
0.47569999999997514
0.47579999999997513
0.4758999999999751
0.4759999999999751
0.4760999999999751
0.4761999999999751
0.4762999999999751
0.47639999999997507
0.47649999999997505
0.47659999999997504
0.47669999999997503
0.476799999999975
0.476899999999975
0.476999999999975
0.477099999999975
0.477199999999975
0.47729999999997497
0.47739999999997496
0.47749999999997494
0.47759999999997493
0.4776999999999749
0.4777999999999749
0.4778999999999749
0.4779999999999749
0.4780999999999749
0.47819999999997487
0.47829999999997486
0.47839999999997485
0.47849999999997483
0.4785999999999748
0.4786999999999748
0.4787999999999748
0.4788999999999748
0.4789999999999748
0.47909999999997477
0.47919999999997476
0.47929999999997475
0.47939999999997474
0.4794999999999747
0.4795999999999747
0.4796999999999747
0.4797999999999747
0.4798999999999747
0.47999999999997467
0.48009999999997466
0.48019999999997465
0.48029999999997464
0.4803999999999746
0.4804999999999746
0.4805999999999746
0.4806999999999746
0.4807999999999746
0.48089999999997457
0.48099999999997456
0.48109999999997455
0.48119999999997454
0.4812999999999745
0.4813999999999745
0.4814999999999745
0.4815999999999745
0.4816999999999745
0.48179999999997447
0.48189999999997446
0.48199999999997445
0.48209999999997444
0.4821999999999744
0.4822999999999744
0.4823999999999744
0.4824999999999744
0.4825999999999744
0.48269999999997437
0.48279999999997436
0.48289999999997435
0.48299999999997434
0.4830999999999743
0.4831999999999743
0.4832999999999743
0.4833999999999743
0.4834999999999743
0.4835999999999743
0.48369999999997426
0.48379999999997425
0.48389999999997424
0.48399999999997423
0.4840999999999742
0.4841999999999742
0.4842999999999742
0.4843999999999742
0.4844999999999742
0.48459999999997416
0.48469999999997415
0.48479999999997414
0.48489999999997413
0.4849999999999741
0.4850999999999741
0.4851999999999741
0.4852999999999741
0.4853999999999741
0.48549999999997406
0.48559999999997405
0.48569999999997404
0.48579999999997403
0.485899999999974
0.485999999999974
0.486099999999974
0.486199999999974
0.486299999999974
0.48639999999997396
0.48649999999997395
0.48659999999997394
0.48669999999997393
0.4867999999999739
0.4868999999999739
0.4869999999999739
0.4870999999999739
0.4871999999999739
0.48729999999997387
0.48739999999997385
0.48749999999997384
0.48759999999997383
0.4876999999999738
0.4877999999999738
0.4878999999999738
0.4879999999999738
0.4880999999999738
0.48819999999997377
0.48829999999997376
0.48839999999997374
0.48849999999997373
0.4885999999999737
0.4886999999999737
0.4887999999999737
0.4888999999999737
0.4889999999999737
0.48909999999997367
0.48919999999997366
0.48929999999997364
0.48939999999997363
0.4894999999999736
0.4895999999999736
0.4896999999999736
0.4897999999999736
0.4898999999999736
0.48999999999997357
0.49009999999997356
0.49019999999997355
0.49029999999997353
0.4903999999999735
0.4904999999999735
0.4905999999999735
0.4906999999999735
0.4907999999999735
0.49089999999997347
0.49099999999997346
0.49109999999997345
0.49119999999997344
0.4912999999999734
0.4913999999999734
0.4914999999999734
0.4915999999999734
0.4916999999999734
0.49179999999997337
0.49189999999997336
0.49199999999997335
0.49209999999997334
0.4921999999999733
0.4922999999999733
0.4923999999999733
0.4924999999999733
0.4925999999999733
0.49269999999997327
0.49279999999997326
0.49289999999997325
0.49299999999997324
0.4930999999999732
0.4931999999999732
0.4932999999999732
0.4933999999999732
0.4934999999999732
0.49359999999997317
0.49369999999997316
0.49379999999997315
0.49389999999997314
0.4939999999999731
0.4940999999999731
0.4941999999999731
0.4942999999999731
0.4943999999999731
0.49449999999997307
0.49459999999997306
0.49469999999997305
0.49479999999997304
0.49489999999997303
0.494999999999973
0.495099999999973
0.495199999999973
0.495299999999973
0.495399999999973
0.49549999999997296
0.49559999999997295
0.49569999999997294
0.49579999999997293
0.4958999999999729
0.4959999999999729
0.4960999999999729
0.4961999999999729
0.4962999999999729
0.49639999999997286
0.49649999999997285
0.49659999999997284
0.49669999999997283
0.4967999999999728
0.4968999999999728
0.4969999999999728
0.4970999999999728
0.4971999999999728
0.49729999999997276
0.49739999999997275
0.49749999999997274
0.49759999999997273
0.4976999999999727
0.4977999999999727
0.4978999999999727
0.4979999999999727
0.4980999999999727
0.49819999999997266
0.49829999999997265
0.49839999999997264
0.49849999999997263
0.4985999999999726
0.4986999999999726
0.4987999999999726
0.4988999999999726
0.4989999999999726
0.49909999999997257
0.49919999999997255
0.49929999999997254
0.49939999999997253
0.4994999999999725
0.4995999999999725
0.4996999999999725
0.4997999999999725
0.4998999999999725
0.49999999999997247
0.5000999999999725
0.5001999999999724
0.5002999999999724
0.5003999999999724
0.5004999999999724
0.5005999999999724
0.5006999999999724
0.5007999999999724
0.5008999999999724
0.5009999999999724
0.5010999999999723
0.5011999999999723
0.5012999999999723
0.5013999999999723
0.5014999999999723
0.5015999999999723
0.5016999999999723
0.5017999999999723
0.5018999999999723
0.5019999999999722
0.5020999999999722
0.5021999999999722
0.5022999999999722
0.5023999999999722
0.5024999999999722
0.5025999999999722
0.5026999999999722
0.5027999999999722
0.5028999999999721
0.5029999999999721
0.5030999999999721
0.5031999999999721
0.5032999999999721
0.5033999999999721
0.5034999999999721
0.5035999999999721
0.5036999999999721
0.503799999999972
0.503899999999972
0.503999999999972
0.504099999999972
0.504199999999972
0.504299999999972
0.504399999999972
0.504499999999972
0.504599999999972
0.504699999999972
0.5047999999999719
0.5048999999999719
0.5049999999999719
0.5050999999999719
0.5051999999999719
0.5052999999999719
0.5053999999999719
0.5054999999999719
0.5055999999999718
0.5056999999999718
0.5057999999999718
0.5058999999999718
0.5059999999999718
0.5060999999999718
0.5061999999999718
0.5062999999999718
0.5063999999999718
0.5064999999999718
0.5065999999999717
0.5066999999999717
0.5067999999999717
0.5068999999999717
0.5069999999999717
0.5070999999999717
0.5071999999999717
0.5072999999999717
0.5073999999999717
0.5074999999999716
0.5075999999999716
0.5076999999999716
0.5077999999999716
0.5078999999999716
0.5079999999999716
0.5080999999999716
0.5081999999999716
0.5082999999999716
0.5083999999999715
0.5084999999999715
0.5085999999999715
0.5086999999999715
0.5087999999999715
0.5088999999999715
0.5089999999999715
0.5090999999999715
0.5091999999999715
0.5092999999999714
0.5093999999999714
0.5094999999999714
0.5095999999999714
0.5096999999999714
0.5097999999999714
0.5098999999999714
0.5099999999999714
0.5100999999999714
0.5101999999999713
0.5102999999999713
0.5103999999999713
0.5104999999999713
0.5105999999999713
0.5106999999999713
0.5107999999999713
0.5108999999999713
0.5109999999999713
0.5110999999999712
0.5111999999999712
0.5112999999999712
0.5113999999999712
0.5114999999999712
0.5115999999999712
0.5116999999999712
0.5117999999999712
0.5118999999999712
0.5119999999999711
0.5120999999999711
0.5121999999999711
0.5122999999999711
0.5123999999999711
0.5124999999999711
0.5125999999999711
0.5126999999999711
0.5127999999999711
0.512899999999971
0.512999999999971
0.513099999999971
0.513199999999971
0.513299999999971
0.513399999999971
0.513499999999971
0.513599999999971
0.513699999999971
0.513799999999971
0.5138999999999709
0.5139999999999709
0.5140999999999709
0.5141999999999709
0.5142999999999709
0.5143999999999709
0.5144999999999709
0.5145999999999709
0.5146999999999708
0.5147999999999708
0.5148999999999708
0.5149999999999708
0.5150999999999708
0.5151999999999708
0.5152999999999708
0.5153999999999708
0.5154999999999708
0.5155999999999707
0.5156999999999707
0.5157999999999707
0.5158999999999707
0.5159999999999707
0.5160999999999707
0.5161999999999707
0.5162999999999707
0.5163999999999707
0.5164999999999706
0.5165999999999706
0.5166999999999706
0.5167999999999706
0.5168999999999706
0.5169999999999706
0.5170999999999706
0.5171999999999706
0.5172999999999706
0.5173999999999706
0.5174999999999705
0.5175999999999705
0.5176999999999705
0.5177999999999705
0.5178999999999705
0.5179999999999705
0.5180999999999705
0.5181999999999705
0.5182999999999705
0.5183999999999704
0.5184999999999704
0.5185999999999704
0.5186999999999704
0.5187999999999704
0.5188999999999704
0.5189999999999704
0.5190999999999704
0.5191999999999704
0.5192999999999703
0.5193999999999703
0.5194999999999703
0.5195999999999703
0.5196999999999703
0.5197999999999703
0.5198999999999703
0.5199999999999703
0.5200999999999703
0.5201999999999702
0.5202999999999702
0.5203999999999702
0.5204999999999702
0.5205999999999702
0.5206999999999702
0.5207999999999702
0.5208999999999702
0.5209999999999702
0.5210999999999701
0.5211999999999701
0.5212999999999701
0.5213999999999701
0.5214999999999701
0.5215999999999701
0.5216999999999701
0.5217999999999701
0.52189999999997
0.52199999999997
0.52209999999997
0.52219999999997
0.52229999999997
0.52239999999997
0.52249999999997
0.52259999999997
0.52269999999997
0.52279999999997
0.5228999999999699
0.5229999999999699
0.5230999999999699
0.5231999999999699
0.5232999999999699
0.5233999999999699
0.5234999999999699
0.5235999999999699
0.5236999999999699
0.5237999999999698
0.5238999999999698
0.5239999999999698
0.5240999999999698
0.5241999999999698
0.5242999999999698
0.5243999999999698
0.5244999999999698
0.5245999999999698
0.5246999999999697
0.5247999999999697
0.5248999999999697
0.5249999999999697
0.5250999999999697
0.5251999999999697
0.5252999999999697
0.5253999999999697
0.5254999999999697
0.5255999999999696
0.5256999999999696
0.5257999999999696
0.5258999999999696
0.5259999999999696
0.5260999999999696
0.5261999999999696
0.5262999999999696
0.5263999999999696
0.5264999999999695
0.5265999999999695
0.5266999999999695
0.5267999999999695
0.5268999999999695
0.5269999999999695
0.5270999999999695
0.5271999999999695
0.5272999999999695
0.5273999999999694
0.5274999999999694
0.5275999999999694
0.5276999999999694
0.5277999999999694
0.5278999999999694
0.5279999999999694
0.5280999999999694
0.5281999999999694
0.5282999999999693
0.5283999999999693
0.5284999999999693
0.5285999999999693
0.5286999999999693
0.5287999999999693
0.5288999999999693
0.5289999999999693
0.5290999999999693
0.5291999999999693
0.5292999999999692
0.5293999999999692
0.5294999999999692
0.5295999999999692
0.5296999999999692
0.5297999999999692
0.5298999999999692
0.5299999999999692
0.5300999999999692
0.5301999999999691
0.5302999999999691
0.5303999999999691
0.5304999999999691
0.5305999999999691
0.5306999999999691
0.5307999999999691
0.5308999999999691
0.530999999999969
0.531099999999969
0.531199999999969
0.531299999999969
0.531399999999969
0.531499999999969
0.531599999999969
0.531699999999969
0.531799999999969
0.531899999999969
0.5319999999999689
0.5320999999999689
0.5321999999999689
0.5322999999999689
0.5323999999999689
0.5324999999999689
0.5325999999999689
0.5326999999999689
0.5327999999999689
0.5328999999999688
0.5329999999999688
0.5330999999999688
0.5331999999999688
0.5332999999999688
0.5333999999999688
0.5334999999999688
0.5335999999999688
0.5336999999999688
0.5337999999999687
0.5338999999999687
0.5339999999999687
0.5340999999999687
0.5341999999999687
0.5342999999999687
0.5343999999999687
0.5344999999999687
0.5345999999999687
0.5346999999999686
0.5347999999999686
0.5348999999999686
0.5349999999999686
0.5350999999999686
0.5351999999999686
0.5352999999999686
0.5353999999999686
0.5354999999999686
0.5355999999999685
0.5356999999999685
0.5357999999999685
0.5358999999999685
0.5359999999999685
0.5360999999999685
0.5361999999999685
0.5362999999999685
0.5363999999999685
0.5364999999999684
0.5365999999999684
0.5366999999999684
0.5367999999999684
0.5368999999999684
0.5369999999999684
0.5370999999999684
0.5371999999999684
0.5372999999999684
0.5373999999999683
0.5374999999999683
0.5375999999999683
0.5376999999999683
0.5377999999999683
0.5378999999999683
0.5379999999999683
0.5380999999999683
0.5381999999999683
0.5382999999999682
0.5383999999999682
0.5384999999999682
0.5385999999999682
0.5386999999999682
0.5387999999999682
0.5388999999999682
0.5389999999999682
0.5390999999999682
0.5391999999999681
0.5392999999999681
0.5393999999999681
0.5394999999999681
0.5395999999999681
0.5396999999999681
0.5397999999999681
0.5398999999999681
0.5399999999999681
0.540099999999968
0.540199999999968
0.540299999999968
0.540399999999968
0.540499999999968
0.540599999999968
0.540699999999968
0.540799999999968
0.540899999999968
0.540999999999968
0.5410999999999679
0.5411999999999679
0.5412999999999679
0.5413999999999679
0.5414999999999679
0.5415999999999679
0.5416999999999679
0.5417999999999679
0.5418999999999679
0.5419999999999678
0.5420999999999678
0.5421999999999678
0.5422999999999678
0.5423999999999678
0.5424999999999678
0.5425999999999678
0.5426999999999678
0.5427999999999678
0.5428999999999677
0.5429999999999677
0.5430999999999677
0.5431999999999677
0.5432999999999677
0.5433999999999677
0.5434999999999677
0.5435999999999677
0.5436999999999677
0.5437999999999676
0.5438999999999676
0.5439999999999676
0.5440999999999676
0.5441999999999676
0.5442999999999676
0.5443999999999676
0.5444999999999676
0.5445999999999676
0.5446999999999675
0.5447999999999675
0.5448999999999675
0.5449999999999675
0.5450999999999675
0.5451999999999675
0.5452999999999675
0.5453999999999675
0.5454999999999675
0.5455999999999674
0.5456999999999674
0.5457999999999674
0.5458999999999674
0.5459999999999674
0.5460999999999674
0.5461999999999674
0.5462999999999674
0.5463999999999674
0.5464999999999673
0.5465999999999673
0.5466999999999673
0.5467999999999673
0.5468999999999673
0.5469999999999673
0.5470999999999673
0.5471999999999673
0.5472999999999673
0.5473999999999672
0.5474999999999672
0.5475999999999672
0.5476999999999672
0.5477999999999672
0.5478999999999672
0.5479999999999672
0.5480999999999672
0.5481999999999672
0.5482999999999671
0.5483999999999671
0.5484999999999671
0.5485999999999671
0.5486999999999671
0.5487999999999671
0.5488999999999671
0.5489999999999671
0.5490999999999671
0.549199999999967
0.549299999999967
0.549399999999967
0.549499999999967
0.549599999999967
0.549699999999967
0.549799999999967
0.549899999999967
0.549999999999967
0.550099999999967
0.5501999999999669
0.5502999999999669
0.5503999999999669
0.5504999999999669
0.5505999999999669
0.5506999999999669
0.5507999999999669
0.5508999999999669
0.5509999999999668
0.5510999999999668
0.5511999999999668
0.5512999999999668
0.5513999999999668
0.5514999999999668
0.5515999999999668
0.5516999999999668
0.5517999999999668
0.5518999999999668
0.5519999999999667
0.5520999999999667
0.5521999999999667
0.5522999999999667
0.5523999999999667
0.5524999999999667
0.5525999999999667
0.5526999999999667
0.5527999999999667
0.5528999999999666
0.5529999999999666
0.5530999999999666
0.5531999999999666
0.5532999999999666
0.5533999999999666
0.5534999999999666
0.5535999999999666
0.5536999999999666
0.5537999999999665
0.5538999999999665
0.5539999999999665
0.5540999999999665
0.5541999999999665
0.5542999999999665
0.5543999999999665
0.5544999999999665
0.5545999999999665
0.5546999999999664
0.5547999999999664
0.5548999999999664
0.5549999999999664
0.5550999999999664
0.5551999999999664
0.5552999999999664
0.5553999999999664
0.5554999999999664
0.5555999999999663
0.5556999999999663
0.5557999999999663
0.5558999999999663
0.5559999999999663
0.5560999999999663
0.5561999999999663
0.5562999999999663
0.5563999999999663
0.5564999999999662
0.5565999999999662
0.5566999999999662
0.5567999999999662
0.5568999999999662
0.5569999999999662
0.5570999999999662
0.5571999999999662
0.5572999999999662
0.5573999999999661
0.5574999999999661
0.5575999999999661
0.5576999999999661
0.5577999999999661
0.5578999999999661
0.5579999999999661
0.5580999999999661
0.5581999999999661
0.558299999999966
0.558399999999966
0.558499999999966
0.558599999999966
0.558699999999966
0.558799999999966
0.558899999999966
0.558999999999966
0.559099999999966
0.559199999999966
0.5592999999999659
0.5593999999999659
0.5594999999999659
0.5595999999999659
0.5596999999999659
0.5597999999999659
0.5598999999999659
0.5599999999999659
0.5600999999999658
0.5601999999999658
0.5602999999999658
0.5603999999999658
0.5604999999999658
0.5605999999999658
0.5606999999999658
0.5607999999999658
0.5608999999999658
0.5609999999999657
0.5610999999999657
0.5611999999999657
0.5612999999999657
0.5613999999999657
0.5614999999999657
0.5615999999999657
0.5616999999999657
0.5617999999999657
0.5618999999999656
0.5619999999999656
0.5620999999999656
0.5621999999999656
0.5622999999999656
0.5623999999999656
0.5624999999999656
0.5625999999999656
0.5626999999999656
0.5627999999999656
0.5628999999999655
0.5629999999999655
0.5630999999999655
0.5631999999999655
0.5632999999999655
0.5633999999999655
0.5634999999999655
0.5635999999999655
0.5636999999999655
0.5637999999999654
0.5638999999999654
0.5639999999999654
0.5640999999999654
0.5641999999999654
0.5642999999999654
0.5643999999999654
0.5644999999999654
0.5645999999999654
0.5646999999999653
0.5647999999999653
0.5648999999999653
0.5649999999999653
0.5650999999999653
0.5651999999999653
0.5652999999999653
0.5653999999999653
0.5654999999999653
0.5655999999999652
0.5656999999999652
0.5657999999999652
0.5658999999999652
0.5659999999999652
0.5660999999999652
0.5661999999999652
0.5662999999999652
0.5663999999999652
0.5664999999999651
0.5665999999999651
0.5666999999999651
0.5667999999999651
0.5668999999999651
0.5669999999999651
0.5670999999999651
0.5671999999999651
0.567299999999965
0.567399999999965
0.567499999999965
0.567599999999965
0.567699999999965
0.567799999999965
0.567899999999965
0.567999999999965
0.568099999999965
0.568199999999965
0.5682999999999649
0.5683999999999649
0.5684999999999649
0.5685999999999649
0.5686999999999649
0.5687999999999649
0.5688999999999649
0.5689999999999649
0.5690999999999649
0.5691999999999648
0.5692999999999648
0.5693999999999648
0.5694999999999648
0.5695999999999648
0.5696999999999648
0.5697999999999648
0.5698999999999648
0.5699999999999648
0.5700999999999647
0.5701999999999647
0.5702999999999647
0.5703999999999647
0.5704999999999647
0.5705999999999647
0.5706999999999647
0.5707999999999647
0.5708999999999647
0.5709999999999646
0.5710999999999646
0.5711999999999646
0.5712999999999646
0.5713999999999646
0.5714999999999646
0.5715999999999646
0.5716999999999646
0.5717999999999646
0.5718999999999645
0.5719999999999645
0.5720999999999645
0.5721999999999645
0.5722999999999645
0.5723999999999645
0.5724999999999645
0.5725999999999645
0.5726999999999645
0.5727999999999644
0.5728999999999644
0.5729999999999644
0.5730999999999644
0.5731999999999644
0.5732999999999644
0.5733999999999644
0.5734999999999644
0.5735999999999644
0.5736999999999643
0.5737999999999643
0.5738999999999643
0.5739999999999643
0.5740999999999643
0.5741999999999643
0.5742999999999643
0.5743999999999643
0.5744999999999643
0.5745999999999643
0.5746999999999642
0.5747999999999642
0.5748999999999642
0.5749999999999642
0.5750999999999642
0.5751999999999642
0.5752999999999642
0.5753999999999642
0.5754999999999642
0.5755999999999641
0.5756999999999641
0.5757999999999641
0.5758999999999641
0.5759999999999641
0.5760999999999641
0.5761999999999641
0.5762999999999641
0.576399999999964
0.576499999999964
0.576599999999964
0.576699999999964
0.576799999999964
0.576899999999964
0.576999999999964
0.577099999999964
0.577199999999964
0.577299999999964
0.5773999999999639
0.5774999999999639
0.5775999999999639
0.5776999999999639
0.5777999999999639
0.5778999999999639
0.5779999999999639
0.5780999999999639
0.5781999999999639
0.5782999999999638
0.5783999999999638
0.5784999999999638
0.5785999999999638
0.5786999999999638
0.5787999999999638
0.5788999999999638
0.5789999999999638
0.5790999999999638
0.5791999999999637
0.5792999999999637
0.5793999999999637
0.5794999999999637
0.5795999999999637
0.5796999999999637
0.5797999999999637
0.5798999999999637
0.5799999999999637
0.5800999999999636
0.5801999999999636
0.5802999999999636
0.5803999999999636
0.5804999999999636
0.5805999999999636
0.5806999999999636
0.5807999999999636
0.5808999999999636
0.5809999999999635
0.5810999999999635
0.5811999999999635
0.5812999999999635
0.5813999999999635
0.5814999999999635
0.5815999999999635
0.5816999999999635
0.5817999999999635
0.5818999999999634
0.5819999999999634
0.5820999999999634
0.5821999999999634
0.5822999999999634
0.5823999999999634
0.5824999999999634
0.5825999999999634
0.5826999999999634
0.5827999999999633
0.5828999999999633
0.5829999999999633
0.5830999999999633
0.5831999999999633
0.5832999999999633
0.5833999999999633
0.5834999999999633
0.5835999999999633
0.5836999999999632
0.5837999999999632
0.5838999999999632
0.5839999999999632
0.5840999999999632
0.5841999999999632
0.5842999999999632
0.5843999999999632
0.5844999999999632
0.5845999999999631
0.5846999999999631
0.5847999999999631
0.5848999999999631
0.5849999999999631
0.5850999999999631
0.5851999999999631
0.5852999999999631
0.5853999999999631
0.585499999999963
0.585599999999963
0.585699999999963
0.585799999999963
0.585899999999963
0.585999999999963
0.586099999999963
0.586199999999963
0.586299999999963
0.586399999999963
0.5864999999999629
0.5865999999999629
0.5866999999999629
0.5867999999999629
0.5868999999999629
0.5869999999999629
0.5870999999999629
0.5871999999999629
0.5872999999999629
0.5873999999999628
0.5874999999999628
0.5875999999999628
0.5876999999999628
0.5877999999999628
0.5878999999999628
0.5879999999999628
0.5880999999999628
0.5881999999999628
0.5882999999999627
0.5883999999999627
0.5884999999999627
0.5885999999999627
0.5886999999999627
0.5887999999999627
0.5888999999999627
0.5889999999999627
0.5890999999999627
0.5891999999999626
0.5892999999999626
0.5893999999999626
0.5894999999999626
0.5895999999999626
0.5896999999999626
0.5897999999999626
0.5898999999999626
0.5899999999999626
0.5900999999999625
0.5901999999999625
0.5902999999999625
0.5903999999999625
0.5904999999999625
0.5905999999999625
0.5906999999999625
0.5907999999999625
0.5908999999999625
0.5909999999999624
0.5910999999999624
0.5911999999999624
0.5912999999999624
0.5913999999999624
0.5914999999999624
0.5915999999999624
0.5916999999999624
0.5917999999999624
0.5918999999999623
0.5919999999999623
0.5920999999999623
0.5921999999999623
0.5922999999999623
0.5923999999999623
0.5924999999999623
0.5925999999999623
0.5926999999999623
0.5927999999999622
0.5928999999999622
0.5929999999999622
0.5930999999999622
0.5931999999999622
0.5932999999999622
0.5933999999999622
0.5934999999999622
0.5935999999999622
0.5936999999999621
0.5937999999999621
0.5938999999999621
0.5939999999999621
0.5940999999999621
0.5941999999999621
0.5942999999999621
0.5943999999999621
0.5944999999999621
0.594599999999962
0.594699999999962
0.594799999999962
0.594899999999962
0.594999999999962
0.595099999999962
0.595199999999962
0.595299999999962
0.595399999999962
0.595499999999962
0.5955999999999619
0.5956999999999619
0.5957999999999619
0.5958999999999619
0.5959999999999619
0.5960999999999619
0.5961999999999619
0.5962999999999619
0.5963999999999618
0.5964999999999618
0.5965999999999618
0.5966999999999618
0.5967999999999618
0.5968999999999618
0.5969999999999618
0.5970999999999618
0.5971999999999618
0.5972999999999618
0.5973999999999617
0.5974999999999617
0.5975999999999617
0.5976999999999617
0.5977999999999617
0.5978999999999617
0.5979999999999617
0.5980999999999617
0.5981999999999617
0.5982999999999616
0.5983999999999616
0.5984999999999616
0.5985999999999616
0.5986999999999616
0.5987999999999616
0.5988999999999616
0.5989999999999616
0.5990999999999616
0.5991999999999615
0.5992999999999615
0.5993999999999615
0.5994999999999615
0.5995999999999615
0.5996999999999615
0.5997999999999615
0.5998999999999615
0.5999999999999615
0.6000999999999614
0.6001999999999614
0.6002999999999614
0.6003999999999614
0.6004999999999614
0.6005999999999614
0.6006999999999614
0.6007999999999614
0.6008999999999614
0.6009999999999613
0.6010999999999613
0.6011999999999613
0.6012999999999613
0.6013999999999613
0.6014999999999613
0.6015999999999613
0.6016999999999613
0.6017999999999613
0.6018999999999612
0.6019999999999612
0.6020999999999612
0.6021999999999612
0.6022999999999612
0.6023999999999612
0.6024999999999612
0.6025999999999612
0.6026999999999612
0.6027999999999611
0.6028999999999611
0.6029999999999611
0.6030999999999611
0.6031999999999611
0.6032999999999611
0.6033999999999611
0.6034999999999611
0.6035999999999611
0.603699999999961
0.603799999999961
0.603899999999961
0.603999999999961
0.604099999999961
0.604199999999961
0.604299999999961
0.604399999999961
0.604499999999961
0.604599999999961
0.6046999999999609
0.6047999999999609
0.6048999999999609
0.6049999999999609
0.6050999999999609
0.6051999999999609
0.6052999999999609
0.6053999999999609
0.6054999999999608
0.6055999999999608
0.6056999999999608
0.6057999999999608
0.6058999999999608
0.6059999999999608
0.6060999999999608
0.6061999999999608
0.6062999999999608
0.6063999999999607
0.6064999999999607
0.6065999999999607
0.6066999999999607
0.6067999999999607
0.6068999999999607
0.6069999999999607
0.6070999999999607
0.6071999999999607
0.6072999999999606
0.6073999999999606
0.6074999999999606
0.6075999999999606
0.6076999999999606
0.6077999999999606
0.6078999999999606
0.6079999999999606
0.6080999999999606
0.6081999999999605
0.6082999999999605
0.6083999999999605
0.6084999999999605
0.6085999999999605
0.6086999999999605
0.6087999999999605
0.6088999999999605
0.6089999999999605
0.6090999999999605
0.6091999999999604
0.6092999999999604
0.6093999999999604
0.6094999999999604
0.6095999999999604
0.6096999999999604
0.6097999999999604
0.6098999999999604
0.6099999999999604
0.6100999999999603
0.6101999999999603
0.6102999999999603
0.6103999999999603
0.6104999999999603
0.6105999999999603
0.6106999999999603
0.6107999999999603
0.6108999999999603
0.6109999999999602
0.6110999999999602
0.6111999999999602
0.6112999999999602
0.6113999999999602
0.6114999999999602
0.6115999999999602
0.6116999999999602
0.6117999999999602
0.6118999999999601
0.6119999999999601
0.6120999999999601
0.6121999999999601
0.6122999999999601
0.6123999999999601
0.6124999999999601
0.6125999999999601
0.61269999999996
0.61279999999996
0.61289999999996
0.61299999999996
0.61309999999996
0.61319999999996
0.61329999999996
0.61339999999996
0.61349999999996
0.61359999999996
0.6136999999999599
0.6137999999999599
0.6138999999999599
0.6139999999999599
0.6140999999999599
0.6141999999999599
0.6142999999999599
0.6143999999999599
0.6144999999999599
0.6145999999999598
0.6146999999999598
0.6147999999999598
0.6148999999999598
0.6149999999999598
0.6150999999999598
0.6151999999999598
0.6152999999999598
0.6153999999999598
0.6154999999999597
0.6155999999999597
0.6156999999999597
0.6157999999999597
0.6158999999999597
0.6159999999999597
0.6160999999999597
0.6161999999999597
0.6162999999999597
0.6163999999999596
0.6164999999999596
0.6165999999999596
0.6166999999999596
0.6167999999999596
0.6168999999999596
0.6169999999999596
0.6170999999999596
0.6171999999999596
0.6172999999999595
0.6173999999999595
0.6174999999999595
0.6175999999999595
0.6176999999999595
0.6177999999999595
0.6178999999999595
0.6179999999999595
0.6180999999999595
0.6181999999999594
0.6182999999999594
0.6183999999999594
0.6184999999999594
0.6185999999999594
0.6186999999999594
0.6187999999999594
0.6188999999999594
0.6189999999999594
0.6190999999999593
0.6191999999999593
0.6192999999999593
0.6193999999999593
0.6194999999999593
0.6195999999999593
0.6196999999999593
0.6197999999999593
0.6198999999999593
0.6199999999999593
0.6200999999999592
0.6201999999999592
0.6202999999999592
0.6203999999999592
0.6204999999999592
0.6205999999999592
0.6206999999999592
0.6207999999999592
0.6208999999999592
0.6209999999999591
0.6210999999999591
0.6211999999999591
0.6212999999999591
0.6213999999999591
0.6214999999999591
0.6215999999999591
0.6216999999999591
0.621799999999959
0.621899999999959
0.621999999999959
0.622099999999959
0.622199999999959
0.622299999999959
0.622399999999959
0.622499999999959
0.622599999999959
0.622699999999959
0.6227999999999589
0.6228999999999589
0.6229999999999589
0.6230999999999589
0.6231999999999589
0.6232999999999589
0.6233999999999589
0.6234999999999589
0.6235999999999589
0.6236999999999588
0.6237999999999588
0.6238999999999588
0.6239999999999588
0.6240999999999588
0.6241999999999588
0.6242999999999588
0.6243999999999588
0.6244999999999588
0.6245999999999587
0.6246999999999587
0.6247999999999587
0.6248999999999587
0.6249999999999587
0.6250999999999587
0.6251999999999587
0.6252999999999587
0.6253999999999587
0.6254999999999586
0.6255999999999586
0.6256999999999586
0.6257999999999586
0.6258999999999586
0.6259999999999586
0.6260999999999586
0.6261999999999586
0.6262999999999586
0.6263999999999585
0.6264999999999585
0.6265999999999585
0.6266999999999585
0.6267999999999585
0.6268999999999585
0.6269999999999585
0.6270999999999585
0.6271999999999585
0.6272999999999584
0.6273999999999584
0.6274999999999584
0.6275999999999584
0.6276999999999584
0.6277999999999584
0.6278999999999584
0.6279999999999584
0.6280999999999584
0.6281999999999583
0.6282999999999583
0.6283999999999583
0.6284999999999583
0.6285999999999583
0.6286999999999583
0.6287999999999583
0.6288999999999583
0.6289999999999583
0.6290999999999582
0.6291999999999582
0.6292999999999582
0.6293999999999582
0.6294999999999582
0.6295999999999582
0.6296999999999582
0.6297999999999582
0.6298999999999582
0.6299999999999581
0.6300999999999581
0.6301999999999581
0.6302999999999581
0.6303999999999581
0.6304999999999581
0.6305999999999581
0.6306999999999581
0.6307999999999581
0.630899999999958
0.630999999999958
0.631099999999958
0.631199999999958
0.631299999999958
0.631399999999958
0.631499999999958
0.631599999999958
0.631699999999958
0.631799999999958
0.6318999999999579
0.6319999999999579
0.6320999999999579
0.6321999999999579
0.6322999999999579
0.6323999999999579
0.6324999999999579
0.6325999999999579
0.6326999999999579
0.6327999999999578
0.6328999999999578
0.6329999999999578
0.6330999999999578
0.6331999999999578
0.6332999999999578
0.6333999999999578
0.6334999999999578
0.6335999999999578
0.6336999999999577
0.6337999999999577
0.6338999999999577
0.6339999999999577
0.6340999999999577
0.6341999999999577
0.6342999999999577
0.6343999999999577
0.6344999999999577
0.6345999999999576
0.6346999999999576
0.6347999999999576
0.6348999999999576
0.6349999999999576
0.6350999999999576
0.6351999999999576
0.6352999999999576
0.6353999999999576
0.6354999999999575
0.6355999999999575
0.6356999999999575
0.6357999999999575
0.6358999999999575
0.6359999999999575
0.6360999999999575
0.6361999999999575
0.6362999999999575
0.6363999999999574
0.6364999999999574
0.6365999999999574
0.6366999999999574
0.6367999999999574
0.6368999999999574
0.6369999999999574
0.6370999999999574
0.6371999999999574
0.6372999999999573
0.6373999999999573
0.6374999999999573
0.6375999999999573
0.6376999999999573
0.6377999999999573
0.6378999999999573
0.6379999999999573
0.6380999999999573
0.6381999999999572
0.6382999999999572
0.6383999999999572
0.6384999999999572
0.6385999999999572
0.6386999999999572
0.6387999999999572
0.6388999999999572
0.6389999999999572
0.6390999999999571
0.6391999999999571
0.6392999999999571
0.6393999999999571
0.6394999999999571
0.6395999999999571
0.6396999999999571
0.6397999999999571
0.6398999999999571
0.639999999999957
0.640099999999957
0.640199999999957
0.640299999999957
0.640399999999957
0.640499999999957
0.640599999999957
0.640699999999957
0.640799999999957
0.640899999999957
0.6409999999999569
0.6410999999999569
0.6411999999999569
0.6412999999999569
0.6413999999999569
0.6414999999999569
0.6415999999999569
0.6416999999999569
0.6417999999999568
0.6418999999999568
0.6419999999999568
0.6420999999999568
0.6421999999999568
0.6422999999999568
0.6423999999999568
0.6424999999999568
0.6425999999999568
0.6426999999999568
0.6427999999999567
0.6428999999999567
0.6429999999999567
0.6430999999999567
0.6431999999999567
0.6432999999999567
0.6433999999999567
0.6434999999999567
0.6435999999999567
0.6436999999999566
0.6437999999999566
0.6438999999999566
0.6439999999999566
0.6440999999999566
0.6441999999999566
0.6442999999999566
0.6443999999999566
0.6444999999999566
0.6445999999999565
0.6446999999999565
0.6447999999999565
0.6448999999999565
0.6449999999999565
0.6450999999999565
0.6451999999999565
0.6452999999999565
0.6453999999999565
0.6454999999999564
0.6455999999999564
0.6456999999999564
0.6457999999999564
0.6458999999999564
0.6459999999999564
0.6460999999999564
0.6461999999999564
0.6462999999999564
0.6463999999999563
0.6464999999999563
0.6465999999999563
0.6466999999999563
0.6467999999999563
0.6468999999999563
0.6469999999999563
0.6470999999999563
0.6471999999999563
0.6472999999999562
0.6473999999999562
0.6474999999999562
0.6475999999999562
0.6476999999999562
0.6477999999999562
0.6478999999999562
0.6479999999999562
0.6480999999999562
0.6481999999999561
0.6482999999999561
0.6483999999999561
0.6484999999999561
0.6485999999999561
0.6486999999999561
0.6487999999999561
0.6488999999999561
0.6489999999999561
0.649099999999956
0.649199999999956
0.649299999999956
0.649399999999956
0.649499999999956
0.649599999999956
0.649699999999956
0.649799999999956
0.649899999999956
0.649999999999956
0.6500999999999559
0.6501999999999559
0.6502999999999559
0.6503999999999559
0.6504999999999559
0.6505999999999559
0.6506999999999559
0.6507999999999559
0.6508999999999558
0.6509999999999558
0.6510999999999558
0.6511999999999558
0.6512999999999558
0.6513999999999558
0.6514999999999558
0.6515999999999558
0.6516999999999558
0.6517999999999557
0.6518999999999557
0.6519999999999557
0.6520999999999557
0.6521999999999557
0.6522999999999557
0.6523999999999557
0.6524999999999557
0.6525999999999557
0.6526999999999556
0.6527999999999556
0.6528999999999556
0.6529999999999556
0.6530999999999556
0.6531999999999556
0.6532999999999556
0.6533999999999556
0.6534999999999556
0.6535999999999555
0.6536999999999555
0.6537999999999555
0.6538999999999555
0.6539999999999555
0.6540999999999555
0.6541999999999555
0.6542999999999555
0.6543999999999555
0.6544999999999555
0.6545999999999554
0.6546999999999554
0.6547999999999554
0.6548999999999554
0.6549999999999554
0.6550999999999554
0.6551999999999554
0.6552999999999554
0.6553999999999554
0.6554999999999553
0.6555999999999553
0.6556999999999553
0.6557999999999553
0.6558999999999553
0.6559999999999553
0.6560999999999553
0.6561999999999553
0.6562999999999553
0.6563999999999552
0.6564999999999552
0.6565999999999552
0.6566999999999552
0.6567999999999552
0.6568999999999552
0.6569999999999552
0.6570999999999552
0.6571999999999552
0.6572999999999551
0.6573999999999551
0.6574999999999551
0.6575999999999551
0.6576999999999551
0.6577999999999551
0.6578999999999551
0.6579999999999551
0.658099999999955
0.658199999999955
0.658299999999955
0.658399999999955
0.658499999999955
0.658599999999955
0.658699999999955
0.658799999999955
0.658899999999955
0.658999999999955
0.6590999999999549
0.6591999999999549
0.6592999999999549
0.6593999999999549
0.6594999999999549
0.6595999999999549
0.6596999999999549
0.6597999999999549
0.6598999999999549
0.6599999999999548
0.6600999999999548
0.6601999999999548
0.6602999999999548
0.6603999999999548
0.6604999999999548
0.6605999999999548
0.6606999999999548
0.6607999999999548
0.6608999999999547
0.6609999999999547
0.6610999999999547
0.6611999999999547
0.6612999999999547
0.6613999999999547
0.6614999999999547
0.6615999999999547
0.6616999999999547
0.6617999999999546
0.6618999999999546
0.6619999999999546
0.6620999999999546
0.6621999999999546
0.6622999999999546
0.6623999999999546
0.6624999999999546
0.6625999999999546
0.6626999999999545
0.6627999999999545
0.6628999999999545
0.6629999999999545
0.6630999999999545
0.6631999999999545
0.6632999999999545
0.6633999999999545
0.6634999999999545
0.6635999999999544
0.6636999999999544
0.6637999999999544
0.6638999999999544
0.6639999999999544
0.6640999999999544
0.6641999999999544
0.6642999999999544
0.6643999999999544
0.6644999999999543
0.6645999999999543
0.6646999999999543
0.6647999999999543
0.6648999999999543
0.6649999999999543
0.6650999999999543
0.6651999999999543
0.6652999999999543
0.6653999999999543
0.6654999999999542
0.6655999999999542
0.6656999999999542
0.6657999999999542
0.6658999999999542
0.6659999999999542
0.6660999999999542
0.6661999999999542
0.6662999999999542
0.6663999999999541
0.6664999999999541
0.6665999999999541
0.6666999999999541
0.6667999999999541
0.6668999999999541
0.6669999999999541
0.6670999999999541
0.667199999999954
0.667299999999954
0.667399999999954
0.667499999999954
0.667599999999954
0.667699999999954
0.667799999999954
0.667899999999954
0.667999999999954
0.668099999999954
0.6681999999999539
0.6682999999999539
0.6683999999999539
0.6684999999999539
0.6685999999999539
0.6686999999999539
0.6687999999999539
0.6688999999999539
0.6689999999999539
0.6690999999999538
0.6691999999999538
0.6692999999999538
0.6693999999999538
0.6694999999999538
0.6695999999999538
0.6696999999999538
0.6697999999999538
0.6698999999999538
0.6699999999999537
0.6700999999999537
0.6701999999999537
0.6702999999999537
0.6703999999999537
0.6704999999999537
0.6705999999999537
0.6706999999999537
0.6707999999999537
0.6708999999999536
0.6709999999999536
0.6710999999999536
0.6711999999999536
0.6712999999999536
0.6713999999999536
0.6714999999999536
0.6715999999999536
0.6716999999999536
0.6717999999999535
0.6718999999999535
0.6719999999999535
0.6720999999999535
0.6721999999999535
0.6722999999999535
0.6723999999999535
0.6724999999999535
0.6725999999999535
0.6726999999999534
0.6727999999999534
0.6728999999999534
0.6729999999999534
0.6730999999999534
0.6731999999999534
0.6732999999999534
0.6733999999999534
0.6734999999999534
0.6735999999999533
0.6736999999999533
0.6737999999999533
0.6738999999999533
0.6739999999999533
0.6740999999999533
0.6741999999999533
0.6742999999999533
0.6743999999999533
0.6744999999999532
0.6745999999999532
0.6746999999999532
0.6747999999999532
0.6748999999999532
0.6749999999999532
0.6750999999999532
0.6751999999999532
0.6752999999999532
0.6753999999999531
0.6754999999999531
0.6755999999999531
0.6756999999999531
0.6757999999999531
0.6758999999999531
0.6759999999999531
0.6760999999999531
0.6761999999999531
0.676299999999953
0.676399999999953
0.676499999999953
0.676599999999953
0.676699999999953
0.676799999999953
0.676899999999953
0.676999999999953
0.677099999999953
0.677199999999953
0.6772999999999529
0.6773999999999529
0.6774999999999529
0.6775999999999529
0.6776999999999529
0.6777999999999529
0.6778999999999529
0.6779999999999529
0.6780999999999529
0.6781999999999528
0.6782999999999528
0.6783999999999528
0.6784999999999528
0.6785999999999528
0.6786999999999528
0.6787999999999528
0.6788999999999528
0.6789999999999528
0.6790999999999527
0.6791999999999527
0.6792999999999527
0.6793999999999527
0.6794999999999527
0.6795999999999527
0.6796999999999527
0.6797999999999527
0.6798999999999527
0.6799999999999526
0.6800999999999526
0.6801999999999526
0.6802999999999526
0.6803999999999526
0.6804999999999526
0.6805999999999526
0.6806999999999526
0.6807999999999526
0.6808999999999525
0.6809999999999525
0.6810999999999525
0.6811999999999525
0.6812999999999525
0.6813999999999525
0.6814999999999525
0.6815999999999525
0.6816999999999525
0.6817999999999524
0.6818999999999524
0.6819999999999524
0.6820999999999524
0.6821999999999524
0.6822999999999524
0.6823999999999524
0.6824999999999524
0.6825999999999524
0.6826999999999523
0.6827999999999523
0.6828999999999523
0.6829999999999523
0.6830999999999523
0.6831999999999523
0.6832999999999523
0.6833999999999523
0.6834999999999523
0.6835999999999522
0.6836999999999522
0.6837999999999522
0.6838999999999522
0.6839999999999522
0.6840999999999522
0.6841999999999522
0.6842999999999522
0.6843999999999522
0.6844999999999521
0.6845999999999521
0.6846999999999521
0.6847999999999521
0.6848999999999521
0.6849999999999521
0.6850999999999521
0.6851999999999521
0.6852999999999521
0.685399999999952
0.685499999999952
0.685599999999952
0.685699999999952
0.685799999999952
0.685899999999952
0.685999999999952
0.686099999999952
0.686199999999952
0.686299999999952
0.6863999999999519
0.6864999999999519
0.6865999999999519
0.6866999999999519
0.6867999999999519
0.6868999999999519
0.6869999999999519
0.6870999999999519
0.6871999999999518
0.6872999999999518
0.6873999999999518
0.6874999999999518
0.6875999999999518
0.6876999999999518
0.6877999999999518
0.6878999999999518
0.6879999999999518
0.6880999999999518
0.6881999999999517
0.6882999999999517
0.6883999999999517
0.6884999999999517
0.6885999999999517
0.6886999999999517
0.6887999999999517
0.6888999999999517
0.6889999999999517
0.6890999999999516
0.6891999999999516
0.6892999999999516
0.6893999999999516
0.6894999999999516
0.6895999999999516
0.6896999999999516
0.6897999999999516
0.6898999999999516
0.6899999999999515
0.6900999999999515
0.6901999999999515
0.6902999999999515
0.6903999999999515
0.6904999999999515
0.6905999999999515
0.6906999999999515
0.6907999999999515
0.6908999999999514
0.6909999999999514
0.6910999999999514
0.6911999999999514
0.6912999999999514
0.6913999999999514
0.6914999999999514
0.6915999999999514
0.6916999999999514
0.6917999999999513
0.6918999999999513
0.6919999999999513
0.6920999999999513
0.6921999999999513
0.6922999999999513
0.6923999999999513
0.6924999999999513
0.6925999999999513
0.6926999999999512
0.6927999999999512
0.6928999999999512
0.6929999999999512
0.6930999999999512
0.6931999999999512
0.6932999999999512
0.6933999999999512
0.6934999999999512
0.6935999999999511
0.6936999999999511
0.6937999999999511
0.6938999999999511
0.6939999999999511
0.6940999999999511
0.6941999999999511
0.6942999999999511
0.6943999999999511
0.694499999999951
0.694599999999951
0.694699999999951
0.694799999999951
0.694899999999951
0.694999999999951
0.695099999999951
0.695199999999951
0.695299999999951
0.695399999999951
0.6954999999999509
0.6955999999999509
0.6956999999999509
0.6957999999999509
0.6958999999999509
0.6959999999999509
0.6960999999999509
0.6961999999999509
0.6962999999999508
0.6963999999999508
0.6964999999999508
0.6965999999999508
0.6966999999999508
0.6967999999999508
0.6968999999999508
0.6969999999999508
0.6970999999999508
0.6971999999999507
0.6972999999999507
0.6973999999999507
0.6974999999999507
0.6975999999999507
0.6976999999999507
0.6977999999999507
0.6978999999999507
0.6979999999999507
0.6980999999999506
0.6981999999999506
0.6982999999999506
0.6983999999999506
0.6984999999999506
0.6985999999999506
0.6986999999999506
0.6987999999999506
0.6988999999999506
0.6989999999999505
0.6990999999999505
0.6991999999999505
0.6992999999999505
0.6993999999999505
0.6994999999999505
0.6995999999999505
0.6996999999999505
0.6997999999999505
0.6998999999999505
